SplitVarID	CHROM	POS	REF	ALT	SYMBOL	Consequence	DISTANCE	STRAND	IMPACT	Existing_variation	init_AC	init_AN	init_AF	QUAL	AS_VQSLOD	DP	DS	MQ	NEGATIVE_TRAIN_SITE	POSITIVE_TRAIN_SITE	hwe_biallelic	InbreedingCoeff	ExcessHet	Multiallelic	Allele	Codons	Amino_acids	cDNA_position	CDS_position	Protein_position	CLIN_SIG	SIFT_call	SIFT_score	PolyPhen_call	PolyPhen_score	kgen.AC	kgen.AN	kgen.AF	kgen.AFR_AF	kgen.AMR_AF	kgen.EUR_AF	kgen.SAS_AF	kgen.EAS_AF	exac_non_TCGA.AC	exac_non_TCGA.AN	exac_non_TCGA.AF	exac_non_TCGA.AC_Adj	exac_non_TCGA.AC_MALE	exac_non_TCGA.AC_FEMALE	exac_non_TCGA.AC_AFR	exac_non_TCGA.AC_AMR	exac_non_TCGA.AC_NFE	exac_non_TCGA.AC_FIN	exac_non_TCGA.AC_SAS	exac_non_TCGA.AC_EAS	exac_non_TCGA.AN_Adj	exac_non_TCGA.AN_MALE	exac_non_TCGA.AN_FEMALE	exac_non_TCGA.AN_AFR	exac_non_TCGA.AN_AMR	exac_non_TCGA.AN_NFE	exac_non_TCGA.AN_FIN	exac_non_TCGA.AN_SAS	exac_non_TCGA.AN_EAS	total_AC	total_AN	total_AF	nfe_AC	nfe_AN	nfe_AF	ubc_AC	ubc_AN	ubc_AF	cbc_AC	cbc_AN	cbc_AF
Var000000248	Var000000248	1	23233346	G	A	EPHB2	missense_variant	NA	1	MODERATE	rs28936395	9	1440	0.00625	27686.52	10.4809	86032	FALSE	60	FALSE	TRUE	0.0249037155748979	0.2122	0.0547	FALSE	A	Gac/Aac	D/N	2048	2035	679	pathogenic	deleterious	0.04	probably_damaging	0.943	6	5008	0.00119808	0	0.0014	0.005	0	0	354	106210	0.003333	354	191	163	7	24	295	8	17	0	106168	60326	45842	9062	11206	54326	6610	16406	7864	9	1306	0.00689127105666156	1	366	0.00273224043715847	4	466	0.00858369098712446	4	474	0.00843881856540084
Var000000346	Var000000346	1	43894004	A	T	SZT2	missense_variant	NA	1	MODERATE	NA	1	1442	0.0006935	2845.4	4.9468	30695	FALSE	60	FALSE	FALSE	1	-0.0011	3.0103	FALSE	T	gAc/gTc	D/V	3842	3842	1281	NA	deleterious	0	probably_damaging	0.998	NA	NA	NA	NA	NA	NA	NA	NA	NA	NA	NA	NA	NA	NA	NA	NA	NA	NA	NA	NA	NA	NA	NA	NA	NA	NA	NA	NA	NA	1	1300	0.000769230769230769	0	360	0	0	466	0	1	474	0.00210970464135021
Var000000460	Var000000460	1	43906912	T	C	SZT2	missense_variant	NA	1	MODERATE	rs746515876	1	1452	0.0006887	14666.53	2.8214	164389	FALSE	60	FALSE	FALSE	1	-7e-04	3.0103	FALSE	C	Tcc/Ccc	S/P	7201	7201	2401	NA	deleterious	0.05	probably_damaging	0.988	NA	NA	NA	NA	NA	NA	NA	NA	1	106210	9.415e-06	1	1	0	0	0	1	0	0	0	106080	60290	45790	9014	11216	54294	6614	16382	7866	1	1280	0.00078125	0	378	0	1	450	0.00222222222222222	0	452	0
Var000000463	Var000000463	1	43907176	C	T	SZT2	missense_variant&splice_region_variant	NA	1	MODERATE	rs199830565	1	1446	0.0006916	3968.39	4.6329	59625	FALSE	60	FALSE	FALSE	1	0	3.0103	FALSE	T	Cgc/Tgc	R/C	7342	7342	2448	NA	deleterious	0.01	probably_damaging	0.985	2	5008	0.000399361	0	0	0.002	0	0	20	106210	0.0001883	20	15	5	0	1	18	0	1	0	104726	59284	45442	9058	11204	53902	6614	15408	7866	1	1310	0.000763358778625954	1	372	0.00268817204301075	0	464	0	0	474	0
Var000000493	Var000000493	1	43907957	G	A	SZT2	missense_variant	NA	1	MODERATE	rs769989601	2	1456	0.001374	78.66	5.5275	19831	FALSE	60	FALSE	FALSE	1	-0.0024	3.0133	FALSE	A	cGc/cAc	R/H	7721	7721	2574	NA	deleterious	0.03	probably_damaging	0.997	NA	NA	NA	NA	NA	NA	NA	NA	1	106206	9.416e-06	1	1	0	0	0	0	1	0	0	103638	59208	44430	8660	11136	53312	6530	15474	7856	1	1250	8e-04	0	374	0	0	430	0	1	446	0.00224215246636771
Var000000531	Var000000531	1	43914400	G	C	SZT2	splice_donor_variant	NA	1	HIGH	NA	1	1434	0.0006974	4083.43	3.9688	41027	FALSE	60	FALSE	FALSE	1	0	3.0103	FALSE	C	NA	NA	NA	NA	NA	NA	NA	NA	NA	NA	NA	NA	NA	NA	NA	NA	NA	NA	NA	NA	NA	NA	NA	NA	NA	NA	NA	NA	NA	NA	NA	NA	NA	NA	NA	NA	NA	NA	NA	1	1288	0.00077639751552795	0	348	0	1	466	0.00214592274678112	0	474	0
Var000000682	Var000000682	1	57373680	G	A	C8A	missense_variant	NA	1	MODERATE	NA	1	1420	0.0007042	3990.46	2.0293	42720	FALSE	60	FALSE	FALSE	1	-8e-04	3.0103	FALSE	A	gGt/gAt	G/D	1370	1274	425	NA	deleterious	0.01	probably_damaging	0.999	NA	NA	NA	NA	NA	NA	NA	NA	NA	NA	NA	NA	NA	NA	NA	NA	NA	NA	NA	NA	NA	NA	NA	NA	NA	NA	NA	NA	NA	1	1282	0.00078003120124805	0	342	0	1	466	0.00214592274678112	0	474	0
Var000000684	Var000000684	1	57373737	G	A	C8A	missense_variant	NA	1	MODERATE	rs143908758	5	1420	0.003521	6565.24	10.1165	42735	FALSE	60	FALSE	TRUE	1	-0.0037	3.041	FALSE	A	cGt/cAt	R/H	1427	1331	444	NA	deleterious	0.01	probably_damaging	0.982	7	5008	0.00139776	0	0.0058	0.002	0.001	0	425	106210	0.004002	425	239	186	11	17	312	38	44	1	106172	60318	45854	9066	11192	54338	6614	16402	7866	4	1280	0.003125	1	342	0.00292397660818713	2	464	0.00431034482758621	1	474	0.00210970464135021
Var000000685	Var000000685	1	57373778	G	A	C8A	missense_variant	NA	1	MODERATE	rs17114555	7	1420	0.00493	17113.48	10.2526	43067	FALSE	60	FALSE	TRUE	1	-0.0051	3.0748	FALSE	A	Gat/Aat	D/N	1468	1372	458	NA	deleterious	0	probably_damaging	0.997	152	5008	0.0303514	0.1089	0.0086	0.001	0	0.001	971	106210	0.009142	971	361	610	877	66	21	0	1	5	106134	60298	45836	9064	11180	54332	6612	16390	7862	1	1280	0.00078125	0	342	0	1	464	0.0021551724137931	0	474	0
Var000000719	Var000000719	1	114454092	AG	A	DCLRE1B	frameshift_variant	NA	1	HIGH	rs767541697	1	1450	0.0006897	381.33	0.9768	50948	FALSE	60	FALSE	FALSE	1	-7e-04	3.0103	FALSE	-	caG/ca	Q/X	1325	879	293	NA	NA	NA	NA	NA	NA	NA	NA	NA	NA	NA	NA	NA	NA	NA	NA	NA	NA	NA	NA	NA	NA	NA	NA	NA	NA	NA	NA	NA	NA	NA	NA	NA	NA	1	1316	0.000759878419452888	1	376	0.00265957446808511	0	466	0	0	474	0
Var000000720	Var000000720	1	114454143	T	A	DCLRE1B	missense_variant	NA	1	MODERATE	rs201436658	1	1454	0.0006878	1556.36	2.0004	50654	FALSE	60	FALSE	FALSE	1	-7e-04	3.0103	FALSE	A	cTg/cAg	L/Q	1375	929	310	NA	deleterious	0	probably_damaging	0.913	1	5008	0.000199681	0	0	0.001	0	0	1	106208	9.415e-06	1	0	1	0	0	1	0	0	0	105340	59758	45582	9062	11202	54036	6614	15870	7866	1	1320	0.000757575757575758	1	380	0.00263157894736842	0	466	0	0	474	0
Var000000841	Var000000841	2	47690264	C	T	MSH2	missense_variant	NA	1	MODERATE	rs370970617	1	1438	0.0006954	46.41	6.0618	31024	FALSE	60	FALSE	FALSE	1	-8e-04	3.0103	FALSE	T	tCa/tTa	S/L	1704	1481	494	likely_pathogenic	tolerated	0.1	benign	0.201	NA	NA	NA	NA	NA	NA	NA	NA	1	106210	9.415e-06	1	0	1	0	0	1	0	0	0	106038	60316	45722	8928	11216	54316	6614	16406	7864	1	1298	0.000770416024653313	0	360	0	1	464	0.0021551724137931	0	474	0
Var000000924	Var000000924	2	48025797	TGA	T	MSH6	frameshift_variant	NA	1	HIGH	NA	1	1448	0.0006906	2778.34	3.2508	28251	FALSE	60.28	FALSE	FALSE	1	-9e-04	3.0103	FALSE	-	GAg/g	E/X	828-829	676-677	226	NA	NA	NA	NA	NA	NA	NA	NA	NA	NA	NA	NA	NA	NA	NA	NA	NA	NA	NA	NA	NA	NA	NA	NA	NA	NA	NA	NA	NA	NA	NA	NA	NA	NA	1	1294	0.000772797527047913	1	360	0.00277777777777778	0	460	0	0	474	0
Var000000951	Var000000951	2	48027574	C	T	MSH6	missense_variant	NA	1	MODERATE	NA	1	1454	0.0006878	71.36	5.5555	28285	FALSE	60	FALSE	FALSE	1	-8e-04	3.0103	FALSE	T	Ctt/Ttt	L/F	2604	2452	818	NA	deleterious	0	probably_damaging	0.999	NA	NA	NA	NA	NA	NA	NA	NA	NA	NA	NA	NA	NA	NA	NA	NA	NA	NA	NA	NA	NA	NA	NA	NA	NA	NA	NA	NA	NA	1	1316	0.000759878419452888	0	378	0	1	466	0.00214592274678112	0	472	0
Var000000991	Var000000991	2	48033697	C	G	MSH6	missense_variant	NA	1	MODERATE	rs201060668	1	1464	0.0006831	190.33	6.1466	32305	FALSE	60	FALSE	FALSE	1	-8e-04	3.0103	FALSE	G	gCa/gGa	A/G	4060	3908	1303	NA	deleterious	0	probably_damaging	0.998	1	5008	0.000199681	0	0	0.001	0	0	1	106208	9.415e-06	1	0	1	0	0	1	0	0	0	105414	60082	45332	8768	11114	54088	6584	16346	7822	1	1314	0.00076103500761035	1	390	0.00256410256410256	0	458	0	0	466	0
Var000001106	Var000001106	2	58459188	C	T	FANCL	splice_donor_variant	NA	-1	HIGH	NA	1	1448	0.0006906	88.4	6.4413	25494	FALSE	60	FALSE	FALSE	1	-0.0014	3.0133	FALSE	T	NA	NA	NA	NA	NA	NA	NA	NA	NA	NA	NA	NA	NA	NA	NA	NA	NA	NA	NA	NA	NA	NA	NA	NA	NA	NA	NA	NA	NA	NA	NA	NA	NA	NA	NA	NA	NA	NA	NA	1	1300	0.000769230769230769	0	380	0	1	450	0.00222222222222222	0	470	0
Var000001110	Var000001110	2	58459248	C	T	FANCL	splice_acceptor_variant	NA	-1	HIGH	NA	2	1450	0.001379	138.83	5.9681	21187	FALSE	60	FALSE	FALSE	1	-0.0024	3.0133	FALSE	T	NA	NA	NA	NA	NA	NA	NA	NA	NA	NA	NA	NA	NA	NA	NA	NA	NA	NA	NA	NA	NA	NA	NA	NA	NA	NA	NA	NA	NA	NA	NA	NA	NA	NA	NA	NA	NA	NA	NA	1	1224	0.000816993464052288	0	382	0	1	406	0.00246305418719212	0	436	0
Var000001112	Var000001112	2	58468447	A	G	FANCL	start_lost	NA	-1	HIGH	rs761291501	1	1460	0.0006849	2401.35	1.9642	138407	FALSE	60	FALSE	FALSE	1	-8e-04	3.0103	FALSE	G	aTg/aCg	M/T	39	2	1	NA	deleterious_low_confidence	0.01	benign	0.156	NA	NA	NA	NA	NA	NA	NA	NA	5	106210	4.708e-05	5	3	2	0	0	5	0	0	0	102318	58486	43832	8518	10826	52524	6112	16016	7660	1	1298	0.000770416024653313	0	366	0	0	460	0	1	472	0.00211864406779661
Var000001450	Var000001450	2	217542860	C	T	IGFBP5	missense_variant	NA	-1	MODERATE	rs145740328	1	1436	0.0006964	11059.42	8.8821	57431	FALSE	60	FALSE	FALSE	1	-9e-04	3.0103	FALSE	T	cGc/cAc	R/H	1412	662	221	NA	deleterious	0	probably_damaging	0.998	NA	NA	NA	NA	NA	NA	NA	NA	8	106190	7.534e-05	8	4	4	1	0	7	0	0	0	100846	56500	44346	8956	11184	52988	6608	12616	7856	1	1302	0.000768049155145929	0	362	0	0	466	0	1	474	0.00210970464135021
Var000001451	Var000001451	2	217542888	G	A	IGFBP5	missense_variant	NA	-1	MODERATE	rs148981948	1	1436	0.0006964	3641.42	8.5222	56845	FALSE	60	FALSE	FALSE	1	-9e-04	3.0103	FALSE	A	Cgt/Tgt	R/C	1384	634	212	NA	deleterious	0.02	probably_damaging	0.985	2	5008	0.000399361	8e-04	0	0.001	0	0	35	106198	0.0003296	35	18	17	2	0	32	0	1	0	103172	58146	45026	9014	11208	53578	6598	14236	7862	1	1302	0.000768049155145929	0	362	0	1	466	0.00214592274678112	0	474	0
Var000001769	Var000001769	3	10076916	A	T	FANCD2	missense_variant&splice_region_variant	NA	1	MODERATE	rs138608475	1	1454	0.0006878	1066.41	2.882	24189	FALSE	60	FALSE	TRUE	1	-0.0023	3.0103	FALSE	T	cAg/cTg	Q/L	530	437	146	NA	deleterious	0	probably_damaging	0.973	1	5008	0.000199681	0	0	0.001	0	0	1	106210	9.415e-06	1	0	1	0	0	1	0	0	0	106194	60332	45862	9066	11212	54338	6614	16404	7866	1	1224	0.000816993464052288	1	352	0.00284090909090909	0	430	0	0	442	0
Var000001779	Var000001779	3	10077993	T	C	FANCD2	missense_variant	NA	1	MODERATE	rs200668378	1	1454	0.0006878	914.37	3.5899	30522	FALSE	60	FALSE	FALSE	1	-3.3057	3.0103	FALSE	C	tTt/tCt	F/S	554	461	154	NA	deleterious	0	probably_damaging	0.979	1	5008	0.000199681	0	0	0.001	0	0	2	106198	1.883e-05	2	1	1	0	0	2	0	0	0	106134	60310	45824	9050	11196	54318	6610	16404	7862	1	1304	0.000766871165644172	1	370	0.0027027027027027	0	460	0	0	474	0
Var000001872	Var000001872	3	10102041	G	A	FANCD2	missense_variant	NA	1	MODERATE	NA	1	1446	0.0006916	35.39	5.2577	23515	FALSE	60	FALSE	FALSE	1	-0.001	3.0103	FALSE	A	Ggg/Agg	G/R	1813	1720	574	NA	deleterious	0.01	probably_damaging	1	NA	NA	NA	NA	NA	NA	NA	NA	NA	NA	NA	NA	NA	NA	NA	NA	NA	NA	NA	NA	NA	NA	NA	NA	NA	NA	NA	NA	NA	1	1282	0.00078003120124805	0	360	0	0	452	0	1	470	0.00212765957446809
Var000001901	Var000001901	3	10108911	C	T	FANCD2	stop_gained	NA	1	HIGH	FANCD2:c.2404C>T	1	1460	0.0006849	2782.34	1.1269	36170	FALSE	59.97	FALSE	FALSE	1	-8e-04	3.0103	FALSE	T	Cag/Tag	Q/*	2497	2404	802	NA	NA	NA	NA	NA	NA	NA	NA	NA	NA	NA	NA	NA	NA	NA	NA	NA	NA	NA	NA	NA	NA	NA	NA	NA	NA	NA	NA	NA	NA	NA	NA	NA	NA	1	1326	0.000754147812971342	0	388	0	1	464	0.0021551724137931	0	474	0
Var000001931	Var000001931	3	10123148	G	A	FANCD2	stop_gained&splice_region_variant	NA	1	HIGH	NA	1	1456	0.0006868	58.36	4.1142	32636	FALSE	60	FALSE	FALSE	1	-8e-04	3.0103	FALSE	A	tGg/tAg	W/*	3317	3224	1075	NA	NA	NA	NA	NA	NA	NA	NA	NA	NA	NA	NA	NA	NA	NA	NA	NA	NA	NA	NA	NA	NA	NA	NA	NA	NA	NA	NA	NA	NA	NA	NA	NA	NA	1	1316	0.000759878419452888	0	384	0	1	460	0.00217391304347826	0	472	0
Var000002022	Var000002022	3	37055975	G	A	MLH1	missense_variant	NA	1	MODERATE	NA	2	1422	0.001406	36.01	4.9253	19240	FALSE	60	FALSE	FALSE	1	-0.0026	3.0134	FALSE	A	Ggt/Agt	G/S	946	730	244	NA	deleterious	0.01	probably_damaging	0.956	NA	NA	NA	NA	NA	NA	NA	NA	NA	NA	NA	NA	NA	NA	NA	NA	NA	NA	NA	NA	NA	NA	NA	NA	NA	NA	NA	NA	NA	2	1216	0.00164473684210526	0	352	0	2	428	0.00467289719626168	0	436	0
Var000002116	Var000002116	3	37547553	C	G	ITGA9	missense_variant	NA	1	MODERATE	NA	1	1460	0.0006849	950.06	2.5907	31481	FALSE	60	FALSE	FALSE	1	-0.0013	3.0103	FALSE	G	Cca/Gca	P/A	1061	805	269	NA	deleterious	0	probably_damaging	0.999	NA	NA	NA	NA	NA	NA	NA	NA	NA	NA	NA	NA	NA	NA	NA	NA	NA	NA	NA	NA	NA	NA	NA	NA	NA	NA	NA	NA	NA	1	1302	0.000768049155145929	0	366	0	0	466	0	1	470	0.00212765957446809
Var000002135	Var000002135	3	37555387	G	A	ITGA9	missense_variant	NA	1	MODERATE	rs141618223	1	1444	0.0006925	1387.39	1.9149	35819	FALSE	60	FALSE	FALSE	1	-7e-04	3.0103	FALSE	A	gGa/gAa	G/E	1287	1031	344	NA	deleterious	0	probably_damaging	0.996	NA	NA	NA	NA	NA	NA	NA	NA	6	106210	5.649e-05	6	2	4	0	0	4	0	0	2	106210	60336	45874	9066	11216	54346	6614	16408	7866	1	1308	0.000764525993883792	0	368	0	0	466	0	1	474	0.00210970464135021
Var000002215	Var000002215	3	37821397	G	A	ITGA9	missense_variant	NA	1	MODERATE	NA	1	1440	0.0006944	51.45	6.4099	18470	FALSE	60	FALSE	FALSE	1	-0.0023	3.0103	FALSE	A	tGt/tAt	C/Y	2928	2672	891	NA	deleterious	0	probably_damaging	1	NA	NA	NA	NA	NA	NA	NA	NA	NA	NA	NA	NA	NA	NA	NA	NA	NA	NA	NA	NA	NA	NA	NA	NA	NA	NA	NA	NA	NA	1	1184	0.000844594594594595	0	362	0	1	410	0.0024390243902439	0	412	0
Var000002230	Var000002230	3	142168282	G	A	ATR	missense_variant	NA	-1	MODERATE	NA	1	1434	0.0006974	54.44	6.1841	23173	FALSE	60	FALSE	FALSE	1	-0.0017	3.0103	FALSE	A	Cca/Tca	P/S	8046	7924	2642	NA	deleterious	0.02	probably_damaging	1	NA	NA	NA	NA	NA	NA	NA	NA	NA	NA	NA	NA	NA	NA	NA	NA	NA	NA	NA	NA	NA	NA	NA	NA	NA	NA	NA	NA	NA	1	1242	0.000805152979066023	0	362	0	1	432	0.00231481481481481	0	448	0
Var000002315	Var000002315	3	142188981	C	T	ATR	missense_variant	NA	-1	MODERATE	NA	2	1432	0.001397	68.49	6.3572	22373	FALSE	60	FALSE	FALSE	1	-0.0021	3.0133	FALSE	T	cGa/cAa	R/Q	6388	6266	2089	NA	deleterious	0	probably_damaging	1	NA	NA	NA	NA	NA	NA	NA	NA	NA	NA	NA	NA	NA	NA	NA	NA	NA	NA	NA	NA	NA	NA	NA	NA	NA	NA	NA	NA	NA	2	1242	0.00161030595813205	0	346	0	0	440	0	2	456	0.0043859649122807
Var000002322	Var000002322	3	142212021	C	T	ATR	missense_variant	NA	-1	MODERATE	NA	2	1434	0.001395	124.74	6.5909	23684	FALSE	60	FALSE	FALSE	1	-0.0017	3.0133	FALSE	T	Gaa/Aaa	E/K	6153	6031	2011	NA	deleterious	0	probably_damaging	1	NA	NA	NA	NA	NA	NA	NA	NA	NA	NA	NA	NA	NA	NA	NA	NA	NA	NA	NA	NA	NA	NA	NA	NA	NA	NA	NA	NA	NA	1	1260	0.000793650793650794	0	350	0	0	448	0	1	462	0.00216450216450216
Var000002323	Var000002323	3	142212029	C	A	ATR	missense_variant	NA	-1	MODERATE	rs145569221	1	1434	0.0006974	102.19	6.3069	23520	FALSE	60	FALSE	FALSE	1	-0.4591	3.0103	FALSE	A	cGa/cTa	R/L	6145	6023	2008	NA	deleterious	0	probably_damaging	1	NA	NA	NA	NA	NA	NA	NA	NA	NA	NA	NA	NA	NA	NA	NA	NA	NA	NA	NA	NA	NA	NA	NA	NA	NA	NA	NA	NA	NA	1	1260	0.000793650793650794	0	350	0	1	448	0.00223214285714286	0	462	0
Var000002375	Var000002375	3	142238536	T	C	ATR	missense_variant	NA	-1	MODERATE	NA	1	1428	0.0007003	56.47	5.8156	18250	FALSE	60	FALSE	FALSE	1	-7e-04	3.0103	FALSE	C	Ata/Gta	I/V	4479	4357	1453	NA	deleterious	0.01	probably_damaging	0.994	NA	NA	NA	NA	NA	NA	NA	NA	NA	NA	NA	NA	NA	NA	NA	NA	NA	NA	NA	NA	NA	NA	NA	NA	NA	NA	NA	NA	NA	1	1196	0.000836120401337793	0	360	0	1	418	0.00239234449760766	0	418	0
Var000002452	Var000002452	3	142268449	G	A	ATR	stop_gained	NA	-1	HIGH	NA	2	1468	0.001362	34.56	5.3457	26998	FALSE	60	FALSE	FALSE	1	-0.0018	3.0192	FALSE	A	Cga/Tga	R/*	3165	3043	1015	NA	NA	NA	NA	NA	NA	NA	NA	NA	NA	NA	NA	NA	NA	NA	NA	NA	NA	NA	NA	NA	NA	NA	NA	NA	NA	NA	NA	NA	NA	NA	NA	NA	NA	1	1324	0.000755287009063444	0	394	0	1	460	0.00217391304347826	0	470	0
Var000002616	Var000002616	3	148727064	TG	T	GYG1	frameshift_variant&splice_region_variant	NA	1	HIGH	rs764622581	2	1442	0.001387	2061.83	1.8164	32186	FALSE	60	FALSE	FALSE	1	-0.0018	3.0133	FALSE	-	Ggg/gg	G/X	784	484	162	NA	NA	NA	NA	NA	NA	NA	NA	NA	NA	NA	NA	NA	50	106208	0.0004708	50	26	24	0	0	46	2	2	0	105300	60182	45118	8586	11194	54016	6604	16390	7818	2	1284	0.00155763239875389	0	350	0	1	462	0.00216450216450216	1	472	0.00211864406779661
Var000002618	Var000002618	3	148741874	G	A	GYG1	missense_variant	NA	1	MODERATE	NA	1	1432	0.0006983	1890.43	9.9453	37862	FALSE	60	FALSE	FALSE	1	5e-04	3.0103	FALSE	A	Gga/Aga	G/R	943	643	215	NA	deleterious	0	probably_damaging	1	NA	NA	NA	NA	NA	NA	NA	NA	NA	NA	NA	NA	NA	NA	NA	NA	NA	NA	NA	NA	NA	NA	NA	NA	NA	NA	NA	NA	NA	1	1296	0.000771604938271605	0	356	0	0	466	0	1	474	0.00210970464135021
Var000002659	Var000002659	4	47853148	GGC	G	NFXL1	frameshift_variant	NA	-1	HIGH	NA	1	1440	0.0006944	94.7	0.8895	26508	FALSE	60	FALSE	FALSE	1	-0.0013	3.0103	FALSE	-	GCc/c	A/X	2701-2702	2524-2525	842	NA	NA	NA	NA	NA	NA	NA	NA	NA	NA	NA	NA	NA	NA	NA	NA	NA	NA	NA	NA	NA	NA	NA	NA	NA	NA	NA	NA	NA	NA	NA	NA	NA	NA	1	1272	0.000786163522012579	0	354	0	1	450	0.00222222222222222	0	468	0
Var000002732	Var000002732	4	47898571	C	T	NFXL1	missense_variant	NA	-1	MODERATE	NA	1	1416	0.0007062	79.49	4.8486	29324	FALSE	60	FALSE	FALSE	1	-4e-04	3.0103	FALSE	T	tGt/tAt	C/Y	1475	1298	433	NA	deleterious	0	probably_damaging	0.999	NA	NA	NA	NA	NA	NA	NA	NA	NA	NA	NA	NA	NA	NA	NA	NA	NA	NA	NA	NA	NA	NA	NA	NA	NA	NA	NA	NA	NA	1	1264	0.000791139240506329	0	344	0	1	454	0.00220264317180617	0	466	0
Var000002733	Var000002733	4	47898574	C	T	NFXL1	missense_variant	NA	-1	MODERATE	rs770685540	1	1418	0.0007052	79.49	4.9146	29362	FALSE	60	FALSE	FALSE	1	-5e-04	3.0103	FALSE	T	cGt/cAt	R/H	1472	1295	432	NA	deleterious	0	probably_damaging	0.991	NA	NA	NA	NA	NA	NA	NA	NA	3	106192	2.825e-05	3	2	1	0	0	2	0	0	1	105570	59984	45586	9032	11056	54082	6568	16288	7854	1	1264	0.000791139240506329	0	346	0	1	454	0.00220264317180617	0	464	0
Var000002734	Var000002734	4	47898575	G	A	NFXL1	missense_variant	NA	-1	MODERATE	rs35139099	5	1418	0.003526	5018.33	5.5	29491	FALSE	60	FALSE	TRUE	1	-0.004	3.041	FALSE	A	Cgt/Tgt	R/C	1471	1294	432	NA	deleterious	0	probably_damaging	0.996	1	5008	0.000199681	0	0	0.001	0	0	264	106192	0.002486	264	154	110	2	11	241	6	4	0	105554	59978	45576	9034	11052	54072	6566	16286	7854	4	1266	0.00315955766192733	0	346	0	0	454	0	4	466	0.00858369098712446
Var000002844	Var000002844	4	57267616	C	T	PPAT	missense_variant	NA	-1	MODERATE	NA	2	1426	0.001403	51.7	6.4056	23313	FALSE	60	FALSE	FALSE	1	-0.0022	3.0133	FALSE	T	Gtg/Atg	V/M	904	766	256	NA	deleterious	0.01	probably_damaging	0.985	NA	NA	NA	NA	NA	NA	NA	NA	NA	NA	NA	NA	NA	NA	NA	NA	NA	NA	NA	NA	NA	NA	NA	NA	NA	NA	NA	NA	NA	2	1260	0.00158730158730159	0	364	0	2	438	0.0045662100456621	0	458	0
Var000002948	Var000002948	4	155156412	G	A	DCHS2	missense_variant	NA	-1	MODERATE	rs61746132	25	1468	0.017	80573.43	11.2911	43712	FALSE	60	FALSE	TRUE	1	-0.0175	3.9129	FALSE	A	cCa/cTa	P/L	8027	8027	2676	NA	deleterious	0.01	probably_damaging	0.985	464	5008	0.0926518	0.1415	0.0418	0.005	0.1033	0.1409	4299	106210	0.04	4292	2202	2090	1077	604	349	12	1218	1023	106044	60254	45790	9064	11180	54300	6606	16406	7794	13	1334	0.00974512743628186	3	394	0.00761421319796954	5	466	0.0107296137339056	5	474	0.0105485232067511
Var000002959	Var000002959	4	155156875	T	G	DCHS2	missense_variant	NA	-1	MODERATE	rs61746101	7	1468	0.004768	11176.48	6.7346	32185	FALSE	60	FALSE	TRUE	1	-0.0049	3.0727	FALSE	G	Aat/Cat	N/H	7564	7564	2522	NA	deleterious	0	probably_damaging	1	214	5008	0.0427316	0.1558	0.0086	0.002	0	0	NA	NA	NA	NA	NA	NA	NA	NA	NA	NA	NA	NA	NA	NA	NA	NA	NA	NA	NA	NA	NA	1	1330	0.00075187969924812	0	394	0	0	464	0	1	472	0.00211864406779661
Var000002963	Var000002963	4	155157160	G	T	DCHS2	missense_variant	NA	-1	MODERATE	rs200042662	1	1466	0.0006821	215.34	5.3491	26992	FALSE	60	FALSE	FALSE	1	-0.0013	3.0103	FALSE	T	Caa/Aaa	Q/K	7279	7279	2427	NA	deleterious	0	probably_damaging	0.912	18	5008	0.00359425	0	0	0	0.0184	0	228	106210	0.002147	228	175	53	0	0	11	0	216	1	105784	60210	45574	8886	11152	54306	6604	16350	7792	1	1308	0.000764525993883792	0	392	0	1	456	0.00219298245614035	0	460	0
Var000002983	Var000002983	4	155158010	A	T	DCHS2	missense_variant	NA	-1	MODERATE	rs143512002	1	1468	0.0006812	2781.32	7.095	35189	FALSE	60	FALSE	FALSE	1	-7e-04	3.0103	FALSE	T	ttT/ttA	F/L	6429	6429	2143	NA	deleterious	0	probably_damaging	1	NA	NA	NA	NA	NA	NA	NA	NA	126	106208	0.001186	126	68	58	0	0	123	0	0	0	106026	60246	45780	9064	11180	54276	6610	16404	7800	1	1334	0.000749625187406297	0	394	0	1	466	0.00214592274678112	0	474	0
Var000002994	Var000002994	4	155158284	A	C	DCHS2	stop_gained	NA	-1	HIGH	rs146298768	4	1468	0.002725	5525.17	6.0513	31841	FALSE	60	FALSE	TRUE	1	-0.0029	3.0281	FALSE	C	tTa/tGa	L/*	6155	6155	2052	NA	NA	NA	NA	NA	NA	NA	NA	NA	NA	NA	NA	NA	133	106180	0.001253	133	77	56	6	2	122	3	0	0	103432	58876	44556	8606	11116	53492	6550	15282	7704	4	1328	0.00301204819277108	0	394	0	2	462	0.00432900432900433	2	472	0.00423728813559322
Var000002995	Var000002995	4	155158293	C	CTGAT	DCHS2	frameshift_variant	NA	-1	HIGH	rs749657877	1	1468	0.0006812	741.29	1.1163	31463	FALSE	60	FALSE	FALSE	1	-0.001	3.0103	FALSE	TGAT	agt/aATCAgt	S/NQX	6145-6146	6145-6146	2049	NA	NA	NA	NA	NA	NA	NA	NA	NA	NA	NA	NA	NA	NA	NA	NA	NA	NA	NA	NA	NA	NA	NA	NA	NA	NA	NA	NA	NA	NA	NA	NA	NA	NA	1	1326	0.000754147812971342	1	394	0.00253807106598985	0	460	0	0	472	0
Var000003029	Var000003029	4	155191162	G	A	DCHS2	missense_variant	NA	-1	MODERATE	rs146032523	3	1444	0.002078	1840.04	4.206	24918	FALSE	60	FALSE	TRUE	1	-0.0026	3.0193	FALSE	A	aCt/aTt	T/I	5102	5102	1701	NA	deleterious	0.03	probably_damaging	0.971	36	5008	0.0071885	0	0	0.001	0.0348	0.001	702	106184	0.006611	702	518	184	4	13	120	3	550	3	104510	59604	44906	8638	10990	53636	6544	16288	7730	3	1274	0.00235478806907378	1	368	0.00271739130434783	1	442	0.00226244343891403	1	464	0.0021551724137931
Var000003078	Var000003078	4	155226252	G	A	DCHS2	stop_gained	NA	-1	HIGH	rs150179829	1	1460	0.0006849	645.36	5.6897	23797	FALSE	60	FALSE	TRUE	1	-0.0015	3.0103	FALSE	A	Cga/Tga	R/*	4027	4027	1343	NA	NA	NA	NA	NA	4	5008	0.000798722	0	0.0029	0.002	0	0	135	106204	0.001271	135	79	56	3	18	108	3	2	0	95332	54620	40712	7654	10274	48188	6194	15108	7290	1	1290	0.000775193798449612	1	374	0.00267379679144385	0	450	0	0	466	0
Var000003081	Var000003081	4	155226348	C	A	DCHS2	missense_variant	NA	-1	MODERATE	NA	1	1460	0.0006849	37.37	6.0262	25329	FALSE	60	FALSE	FALSE	1	-0.0016	3.0103	FALSE	A	Ggt/Tgt	G/C	3931	3931	1311	NA	deleterious	0	probably_damaging	0.995	NA	NA	NA	NA	NA	NA	NA	NA	NA	NA	NA	NA	NA	NA	NA	NA	NA	NA	NA	NA	NA	NA	NA	NA	NA	NA	NA	NA	NA	1	1300	0.000769230769230769	0	378	0	0	452	0	1	470	0.00212765957446809
Var000003110	Var000003110	4	155241735	C	T	DCHS2	missense_variant	NA	-1	MODERATE	rs79535970	83	1450	0.057	1369296.18	9.6795	158033	FALSE	60	FALSE	TRUE	0.365186737922313	-0.0101	3.5627	FALSE	T	Gca/Aca	A/T	3451	3451	1151	NA	deleterious	0.01	probably_damaging	0.974	98	5008	0.0195687	0.0023	0.0288	0.0706	0.0041	0	3887	106210	0.037	3887	2282	1605	90	221	3158	301	89	0	106154	60302	45852	9066	11168	54340	6614	16408	7864	35	1216	0.0287828947368421	25	368	0.0679347826086956	3	426	0.00704225352112676	7	422	0.0165876777251185
Var000003181	Var000003181	4	155254540	G	C	DCHS2	missense_variant	NA	-1	MODERATE	rs79215995	9	1460	0.006164	63604	8.8399	50167	FALSE	60	FALSE	TRUE	1	-0.0064	3.118	FALSE	C	caC/caG	H/Q	1323	1323	441	NA	deleterious	0	probably_damaging	0.979	9	5008	0.00179712	8e-04	0.0014	0.003	0.0041	0	487	106206	0.004585	487	293	194	5	8	375	17	79	0	106010	60284	45726	9000	11198	54286	6604	16374	7856	6	1318	0.00455235204855842	1	384	0.00260416666666667	2	466	0.00429184549356223	3	468	0.00641025641025641
Var000003888	Var000003888	6	111696203	T	C	REV3L	missense_variant	NA	-1	MODERATE	rs144404854	1	1468	0.0006812	6658.32	6.325	134286	FALSE	60	FALSE	FALSE	1	-7e-04	3.0103	FALSE	C	Agt/Ggt	S/G	3810	3355	1119	NA	deleterious	0	probably_damaging	0.995	2	5008	0.000399361	0	0	0.002	0	0	NA	NA	NA	NA	NA	NA	NA	NA	NA	NA	NA	NA	NA	NA	NA	NA	NA	NA	NA	NA	NA	1	1324	0.000755287009063444	0	394	0	0	462	0	1	468	0.00213675213675214
Var000004123	Var000004123	7	6031675	A	G	PMS2	missense_variant	NA	-1	MODERATE	rs786201878	2	1446	0.001383	1118.81	10.7478	29154	FALSE	60	FALSE	FALSE	0.000703729767769177	0.6486	0.0015	FALSE	G	gTg/gCg	V/A	1023	917	306	uncertain_significance	deleterious	0	probably_damaging	0.976	NA	NA	NA	NA	NA	NA	NA	NA	NA	NA	NA	NA	NA	NA	NA	NA	NA	NA	NA	NA	NA	NA	NA	NA	NA	NA	NA	NA	NA	2	1294	0.00154559505409583	0	360	0	0	462	0	2	472	0.00423728813559322
Var000004212	Var000004212	7	122338970	C	T	RNF133	start_lost	NA	-1	HIGH	rs71574716	61	1452	0.042	86928.04	6.6401	57170	FALSE	60	FALSE	TRUE	0.372980733421757	0.0203	1.2195	FALSE	T	atG/atA	M/I	241	3	1	NA	deleterious_low_confidence	0	probably_damaging	0.968	91	5008	0.0181709	0.0015	0.0331	0.0517	0.0143	0	NA	NA	NA	NA	NA	NA	NA	NA	NA	NA	NA	NA	NA	NA	NA	NA	NA	NA	NA	NA	NA	59	1292	0.0456656346749226	18	352	0.0511363636363636	17	466	0.036480686695279	24	474	0.0506329113924051
Var000004219	Var000004219	7	152346120	G	C	XRCC2	missense_variant	NA	-1	MODERATE	rs371453207	1	1468	0.0006812	1541.32	3.5666	32468	FALSE	60	FALSE	FALSE	1	-8e-04	3.0103	FALSE	C	agC/agG	S/R	536	450	150	uncertain_significance	deleterious	0	probably_damaging	0.969	1	5008	0.000199681	0	0	0.001	0	0	7	106210	6.591e-05	7	3	4	0	3	4	0	0	0	106166	60324	45842	9048	11208	54340	6614	16400	7862	1	1330	0.00075187969924812	1	394	0.00253807106598985	0	464	0	0	472	0
Var000004521	Var000004521	8	32621814	G	A	NRG1	missense_variant	NA	1	MODERATE	rs201022979	1	1452	0.0006887	451.38	8.3716	133739	FALSE	60	FALSE	FALSE	1	2e-04	3.0103	FALSE	A	cGc/cAc	R/H	2349	1832	611	NA	deleterious	0	probably_damaging	0.988	1	5008	0.000199681	0	0	0.001	0	0	6	106202	5.65e-05	6	3	3	0	0	3	3	0	0	105374	60182	45192	8814	11184	53944	6602	16384	7752	1	1308	0.000764525993883792	1	368	0.00271739130434783	0	466	0	0	474	0
Var000005236	Var000005236	8	121021334	G	C	DEPTOR	missense_variant	NA	1	MODERATE	NA	1	1424	0.0007022	10587.46	6.5733	92317	FALSE	60	FALSE	FALSE	1	0.0273	3.0103	FALSE	C	Gta/Cta	V/L	1193	1063	355	NA	deleterious	0	probably_damaging	0.997	NA	NA	NA	NA	NA	NA	NA	NA	NA	NA	NA	NA	NA	NA	NA	NA	NA	NA	NA	NA	NA	NA	NA	NA	NA	NA	NA	NA	NA	1	1282	0.00078003120124805	0	344	0	1	466	0.00214592274678112	0	472	0
Var000005270	Var000005270	9	35075628	G	A	FANCG	missense_variant	NA	-1	MODERATE	rs765394242	1	1444	0.0006925	1539.39	6.9648	39734	FALSE	60	FALSE	FALSE	1	-7e-04	3.0103	FALSE	A	Cgc/Tgc	R/C	1759	1267	423	NA	deleterious	0	probably_damaging	0.931	NA	NA	NA	NA	NA	NA	NA	NA	3	106210	2.825e-05	3	2	1	0	0	2	0	1	0	106196	60330	45866	9060	11214	54344	6614	16404	7866	1	1308	0.000764525993883792	0	370	0	1	464	0.0021551724137931	0	474	0
Var000005376	Var000005376	9	131285907	C	T	GLE1	missense_variant	NA	1	MODERATE	rs146025848	2	1430	0.001399	2987.9	6.4268	49515	FALSE	60	FALSE	FALSE	1	-0.0014	3.0133	FALSE	T	Cgc/Tgc	R/C	785	679	227	NA	deleterious	0	probably_damaging	0.988	NA	NA	NA	NA	NA	NA	NA	NA	63	106210	0.0005932	62	37	25	0	3	53	3	2	0	104956	60006	44950	8750	11212	53416	6614	16404	7866	2	1296	0.00154320987654321	0	356	0	2	466	0.00429184549356223	0	474	0
Var000005378	Var000005378	9	131285959	G	A	GLE1	missense_variant	NA	1	MODERATE	NA	1	1444	0.0006925	1265.39	8.1177	55841	FALSE	60	FALSE	FALSE	1	-9e-04	3.0103	FALSE	A	cGc/cAc	R/H	837	731	244	NA	deleterious	0.01	probably_damaging	0.987	NA	NA	NA	NA	NA	NA	NA	NA	NA	NA	NA	NA	NA	NA	NA	NA	NA	NA	NA	NA	NA	NA	NA	NA	NA	NA	NA	NA	NA	1	1306	0.000765696784073507	0	370	0	0	464	0	1	472	0.00211864406779661
Var000005394	Var000005394	9	131295840	G	A	GLE1	missense_variant	NA	1	MODERATE	NA	1	1468	0.0006812	100.33	5.8333	23747	FALSE	60	FALSE	FALSE	1	-0.0013	3.0103	FALSE	A	gGa/gAa	G/E	1467	1361	454	NA	deleterious	0	probably_damaging	0.998	NA	NA	NA	NA	NA	NA	NA	NA	NA	NA	NA	NA	NA	NA	NA	NA	NA	NA	NA	NA	NA	NA	NA	NA	NA	NA	NA	NA	NA	1	1288	0.00077639751552795	0	394	0	1	446	0.00224215246636771	0	448	0
Var000005402	Var000005402	9	131298693	G	A	GLE1	missense_variant	NA	1	MODERATE	rs121434407	1	1466	0.0006821	6235.33	1.2027	63961	FALSE	60	FALSE	FALSE	1	-7e-04	3.0103	FALSE	A	cGc/cAc	R/H	1812	1706	569	pathogenic	deleterious	0	probably_damaging	0.992	NA	NA	NA	NA	NA	NA	NA	NA	45	106210	0.0004237	45	24	21	0	0	44	1	0	0	106198	60332	45866	9066	11212	54340	6614	16406	7866	1	1332	0.000750750750750751	0	392	0	0	466	0	1	474	0.00210970464135021
Var000005406	Var000005406	9	131301938	G	A	GLE1	stop_gained	NA	1	HIGH	rs754578389	1	1456	0.0006868	204.35	5.9888	31821	FALSE	60	FALSE	FALSE	1	-7e-04	3.0103	FALSE	A	tGg/tAg	W/*	2031	1925	642	NA	NA	NA	NA	NA	NA	NA	NA	NA	NA	NA	NA	NA	3	106210	2.825e-05	3	0	3	0	0	3	0	0	0	106200	60330	45870	9064	11214	54342	6612	16408	7866	1	1318	0.000758725341426404	0	380	0	1	466	0.00214592274678112	0	472	0
Var000005407	Var000005407	9	131301947	T	C	GLE1	missense_variant	NA	1	MODERATE	NA	1	1456	0.0006868	59.35	5.4607	31836	FALSE	60	FALSE	FALSE	1	-7e-04	3.0103	FALSE	C	cTa/cCa	L/P	2040	1934	645	NA	deleterious	0	probably_damaging	0.925	NA	NA	NA	NA	NA	NA	NA	NA	NA	NA	NA	NA	NA	NA	NA	NA	NA	NA	NA	NA	NA	NA	NA	NA	NA	NA	NA	NA	NA	1	1318	0.000758725341426404	0	380	0	0	466	0	1	472	0.00211864406779661
Var000005482	Var000005482	9	135156873	G	A	SETX	missense_variant	NA	-1	MODERATE	NA	1	1462	0.000684	97.34	6.7727	30307	FALSE	60	FALSE	FALSE	1	-7e-04	3.0103	FALSE	A	cCt/cTt	P/L	6818	6635	2212	NA	deleterious	0	probably_damaging	1	NA	NA	NA	NA	NA	NA	NA	NA	NA	NA	NA	NA	NA	NA	NA	NA	NA	NA	NA	NA	NA	NA	NA	NA	NA	NA	NA	NA	NA	1	1326	0.000754147812971342	0	388	0	1	464	0.0021551724137931	0	474	0
Var000005483	Var000005483	9	135156877	G	A	SETX	missense_variant	NA	-1	MODERATE	NA	1	1462	0.000684	97.34	7.5741	30247	FALSE	60	FALSE	FALSE	1	-7e-04	3.0103	FALSE	A	Ctc/Ttc	L/F	6814	6631	2211	NA	deleterious	0	probably_damaging	1	NA	NA	NA	NA	NA	NA	NA	NA	NA	NA	NA	NA	NA	NA	NA	NA	NA	NA	NA	NA	NA	NA	NA	NA	NA	NA	NA	NA	NA	1	1326	0.000754147812971342	0	388	0	1	464	0.0021551724137931	0	474	0
Var000005507	Var000005507	9	135171261	A	G	SETX	missense_variant&splice_region_variant	NA	-1	MODERATE	rs776822427	1	1464	0.0006831	1247.33	8.2134	44228	FALSE	60	FALSE	FALSE	1	-8e-04	3.0103	FALSE	G	tTa/tCa	L/S	6287	6104	2035	NA	deleterious	0	probably_damaging	0.984	NA	NA	NA	NA	NA	NA	NA	NA	NA	NA	NA	NA	NA	NA	NA	NA	NA	NA	NA	NA	NA	NA	NA	NA	NA	NA	NA	NA	NA	1	1328	0.000753012048192771	0	390	0	0	466	0	1	472	0.00211864406779661
Var000005552	Var000005552	9	135202241	G	A	SETX	missense_variant	NA	-1	MODERATE	NA	1	1468	0.0006812	58.32	6.169	27052	FALSE	60	FALSE	FALSE	1	-9e-04	3.0103	FALSE	A	Cct/Tct	P/S	4927	4744	1582	NA	deleterious	0	probably_damaging	1	NA	NA	NA	NA	NA	NA	NA	NA	NA	NA	NA	NA	NA	NA	NA	NA	NA	NA	NA	NA	NA	NA	NA	NA	NA	NA	NA	NA	NA	1	1322	0.00075642965204236	0	394	0	1	456	0.00219298245614035	0	472	0
Var000005603	Var000005603	9	135205351	T	G	SETX	missense_variant	NA	-1	MODERATE	rs776333015	1	1468	0.0006812	3758.32	2.0546	35571	FALSE	60	FALSE	FALSE	1	-7e-04	3.0103	FALSE	G	gAa/gCa	E/A	1817	1634	545	NA	deleterious	0	probably_damaging	0.999	NA	NA	NA	NA	NA	NA	NA	NA	NA	NA	NA	NA	NA	NA	NA	NA	NA	NA	NA	NA	NA	NA	NA	NA	NA	NA	NA	NA	NA	1	1334	0.000749625187406297	0	394	0	0	466	0	1	474	0.00210970464135021
Var000005604	Var000005604	9	135205484	TA	T	SETX	frameshift_variant	NA	-1	HIGH	NA	20	1468	0.014	1067.52	24.9172	40302	FALSE	60	FALSE	FALSE	1	-3.5676	3.6395	FALSE	-	ttT/tt	F/X	1683	1500	500	NA	NA	NA	NA	NA	NA	NA	NA	NA	NA	NA	NA	NA	NA	NA	NA	NA	NA	NA	NA	NA	NA	NA	NA	NA	NA	NA	NA	NA	NA	NA	NA	NA	NA	2	1286	0.0015552099533437	0	394	0	1	440	0.00227272727272727	1	452	0.00221238938053097
Var000005608	Var000005608	9	135205781	G	A	SETX	missense_variant	NA	-1	MODERATE	rs772044862	2	1466	0.001364	76.02	5.3839	23588	FALSE	60	FALSE	FALSE	1	-0.0021	3.0133	FALSE	A	Cgt/Tgt	R/C	1387	1204	402	NA	deleterious	0	probably_damaging	1	NA	NA	NA	NA	NA	NA	NA	NA	NA	NA	NA	NA	NA	NA	NA	NA	NA	NA	NA	NA	NA	NA	NA	NA	NA	NA	NA	NA	NA	1	1276	0.000783699059561128	0	394	0	0	436	0	1	446	0.00224215246636771
Var000005629	Var000005629	9	135218103	A	C	SETX	missense_variant	NA	-1	MODERATE	rs145438764	8	1412	0.005666	13055.21	3.8432	43987	FALSE	60	FALSE	FALSE	1	-0.0057	3.0969	FALSE	C	Ttg/Gtg	L/V	655	472	158	NA	deleterious	0.01	probably_damaging	0.998	8	5008	0.00159744	0	0.0029	0.003	0.0031	0	361	106210	0.003399	361	223	138	5	18	233	38	63	0	106106	60294	45812	9042	11196	54318	6610	16394	7852	8	1278	0.00625978090766823	0	340	0	5	464	0.0107758620689655	3	474	0.00632911392405063
Var000005642	Var000005642	9	135221726	G	A	SETX	stop_gained	NA	-1	HIGH	NA	1	1466	0.0006821	32.43	6.4964	27511	FALSE	60	FALSE	FALSE	1	-7e-04	3.0103	FALSE	A	Caa/Taa	Q/*	493	310	104	NA	NA	NA	NA	NA	NA	NA	NA	NA	NA	NA	NA	NA	NA	NA	NA	NA	NA	NA	NA	NA	NA	NA	NA	NA	NA	NA	NA	NA	NA	NA	NA	NA	NA	1	1328	0.000753012048192771	0	394	0	1	462	0.00216450216450216	0	472	0
Var000005670	Var000005670	9	136029520	C	T	GBGT1	missense_variant	NA	-1	MODERATE	rs41297225	5	1444	0.003463	60987.97	7.9071	147325	FALSE	60	FALSE	FALSE	1	-0.0045	3.0405	FALSE	T	cGg/cAg	R/Q	800	488	163	NA	deleterious	0.01	probably_damaging	0.996	3	5008	0.000599042	0	0	0.003	0	0	138	106208	0.001299	138	77	61	3	21	111	1	2	0	104632	59408	45224	8938	11154	53730	6576	15710	7842	3	1276	0.00235109717868339	3	340	0.00882352941176471	0	464	0	0	472	0
Var000005716	Var000005716	10	14965056	A	T	DCLRE1C	missense_variant	NA	-1	MODERATE	rs41299658	2	1446	0.001383	2205.82	2.9716	62015	FALSE	60	FALSE	FALSE	1	-0.0018	3.0133	FALSE	T	Ttg/Atg	L/M	1023	985	329	NA	deleterious	0.01	probably_damaging	0.991	2	5008	0.000399361	0	0	0.002	0	0	96	106210	0.0009039	96	61	35	1	0	95	0	0	0	105904	60186	45718	9034	11160	54202	6600	16366	7850	2	1300	0.00153846153846154	1	360	0.00277777777777778	1	466	0.00214592274678112	0	474	0
Var000005759	Var000005759	10	14987109	G	A	DCLRE1C	stop_gained	NA	-1	HIGH	rs121908156	1	1444	0.0006925	68.42	7.5129	22522	FALSE	60	FALSE	FALSE	1	-0.0014	3.0193	FALSE	A	Cga/Tga	R/*	279	241	81	pathogenic	NA	NA	NA	NA	NA	NA	NA	NA	NA	NA	NA	NA	1	106196	9.417e-06	1	0	1	0	1	0	0	0	0	98984	56628	42356	8090	10772	49934	6360	15500	7666	1	1276	0.000783699059561128	0	372	0	1	442	0.00226244343891403	0	462	0
Var000005823	Var000005823	10	50681043	G	A	ERCC6	missense_variant	NA	-1	MODERATE	rs142580756	1	1466	0.0006821	447.33	1.9401	46425	FALSE	60	FALSE	TRUE	1	-9e-04	3.0103	FALSE	A	aCg/aTg	T/M	2820	2741	914	NA	deleterious	0	probably_damaging	1	NA	NA	NA	NA	NA	NA	NA	NA	NA	NA	NA	NA	NA	NA	NA	NA	NA	NA	NA	NA	NA	NA	NA	NA	NA	NA	NA	NA	NA	1	1324	0.000755287009063444	0	392	0	1	458	0.00218340611353712	0	474	0
Var000005852	Var000005852	10	50690806	G	A	ERCC6	missense_variant	NA	-1	MODERATE	rs55698015	1	1460	0.0006849	347.37	7.03	36564	FALSE	60	FALSE	FALSE	1	0	3.0103	FALSE	A	aCg/aTg	T/M	2175	2096	699	NA	deleterious	0	probably_damaging	0.934	9	5008	0.00179712	0.0053	0.0029	0	0	0	47	106210	0.0004425	47	20	27	40	6	1	0	0	0	106182	60320	45862	9066	11212	54342	6614	16404	7850	1	1314	0.00076103500761035	0	380	0	0	462	0	1	472	0.00211864406779661
Var000005854	Var000005854	10	50690906	G	A	ERCC6	missense_variant	NA	-1	MODERATE	rs61760163	3	1462	0.002052	53582.15	8.5369	420676	FALSE	60	FALSE	TRUE	1	-0.0021	3.0192	FALSE	A	Cgc/Tgc	R/C	2075	1996	666	uncertain_significance&pathogenic	deleterious	0	probably_damaging	0.985	5	5008	0.000998403	0	0.0014	0.004	0	0	168	106210	0.001582	168	82	86	4	43	109	9	2	0	106152	60320	45832	9060	11210	54332	6614	16404	7838	2	1186	0.00168634064080944	2	380	0.00526315789473684	0	404	0	0	402	0
Var000006094	Var000006094	10	96110026	CA	C	NOC3L	frameshift_variant	NA	-1	HIGH	rs564137729	2	1446	0.001383	2352.06	2.0341	22000	FALSE	60.13	FALSE	FALSE	1	-0.0032	3.0193	FALSE	-	cTg/cg	L/X	1072	971	324	NA	NA	NA	NA	NA	NA	NA	NA	NA	NA	NA	NA	NA	71	106210	0.0006685	71	46	25	3	3	56	2	6	0	106176	60324	45852	9064	11216	54318	6614	16404	7866	2	1228	0.00162866449511401	1	370	0.0027027027027027	1	428	0.00233644859813084	0	430	0
Var000006128	Var000006128	10	96117084	G	C	NOC3L	missense_variant	NA	-1	MODERATE	rs45484894	1	1466	0.0006821	3068.33	5.5354	31314	FALSE	60	FALSE	TRUE	1	-7e-04	3.0103	FALSE	C	Cct/Gct	P/A	456	355	119	NA	deleterious	0.01	probably_damaging	0.912	4	5008	0.000798722	8e-04	0	0.003	0	0	148	106200	0.001394	148	94	54	6	8	117	4	13	0	97746	55140	42606	8764	10700	49872	6514	13688	7566	1	1332	0.000750750750750751	1	392	0.00255102040816327	0	466	0	0	474	0
Var000006167	Var000006167	10	123256135	G	A	FGFR2	missense_variant	NA	-1	MODERATE	rs141929882	1	1442	0.0006935	469.42	2.5746	30269	FALSE	60	FALSE	FALSE	1	-0.0013	3.0103	FALSE	A	Cgt/Tgt	R/C	2369	1777	593	NA	deleterious	0.03	probably_damaging	0.946	2	5008	0.000399361	0	0	0.001	0.001	0	15	106210	0.0001412	15	10	5	0	2	12	0	1	0	106210	60336	45874	9066	11216	54346	6614	16408	7866	1	1276	0.000783699059561128	1	338	0.0029585798816568	0	464	0	0	474	0
Var000006222	Var000006222	11	22646972	G	C	FANCF	missense_variant	NA	-1	MODERATE	rs61753271	1	1462	0.000684	223.35	3.1326	47167	FALSE	60	FALSE	FALSE	1	-0.0014	3.0103	FALSE	C	Ctc/Gtc	L/V	416	385	129	not_provided	deleterious	0.05	probably_damaging	0.985	1	5008	0.000199681	0	0	0.001	0	0	75	106184	0.0007063	75	40	35	0	2	68	3	0	0	104626	60056	44570	8378	11206	53510	6610	16398	7836	1	1290	0.000775193798449612	1	352	0.00284090909090909	0	464	0	0	474	0
Var000006434	Var000006434	11	108124722	C	T	ATM	missense_variant	NA	1	MODERATE	rs759617968	2	1424	0.001404	48.81	5.6138	17723	FALSE	60	FALSE	FALSE	1	-0.004	3.0195	FALSE	T	Ctt/Ttt	L/F	2465	2080	694	NA	deleterious	0	probably_damaging	0.973	NA	NA	NA	NA	NA	NA	NA	NA	2	106210	1.883e-05	2	1	1	0	0	0	0	2	0	106074	60302	45772	9024	11188	54320	6606	16388	7854	1	1204	0.000830564784053156	0	352	0	1	422	0.0023696682464455	0	430	0
Var000006508	Var000006508	11	108151839	T	G	ATM	missense_variant	NA	1	MODERATE	rs547400704	2	1466	0.001364	230.71	2.4437	27128	FALSE	60	FALSE	FALSE	1	-0.0016	3.0133	FALSE	G	Ttt/Gtt	F/V	3905	3520	1174	NA	deleterious	0	probably_damaging	0.98	NA	NA	NA	NA	NA	NA	NA	NA	1	106210	9.415e-06	1	0	1	0	0	1	0	0	0	106160	60332	45828	9028	11214	54342	6614	16406	7862	1	1326	0.000754147812971342	0	394	0	0	460	0	1	472	0.00211864406779661
Var000006575	Var000006575	11	108170444	C	T	ATM	missense_variant	NA	1	MODERATE	rs375131360	1	1440	0.0006944	1082.41	1.6663	29461	FALSE	60	FALSE	FALSE	1	-9e-04	3.0103	FALSE	T	gCt/gTt	A/V	5394	5009	1670	uncertain_significance	deleterious	0	probably_damaging	0.987	NA	NA	NA	NA	NA	NA	NA	NA	NA	NA	NA	NA	NA	NA	NA	NA	NA	NA	NA	NA	NA	NA	NA	NA	NA	NA	NA	NA	NA	1	1298	0.000770416024653313	0	358	0	1	466	0.00214592274678112	0	474	0
Var000006593	Var000006593	11	108173695	CT	C	ATM	frameshift_variant	NA	1	HIGH	NA	1	1448	0.0006906	35.47	1.2184	33107	FALSE	60	FALSE	FALSE	1	-8e-04	3.0103	FALSE	-	gcT/gc	A/X	5821	5436	1812	NA	NA	NA	NA	NA	NA	NA	NA	NA	NA	NA	NA	NA	NA	NA	NA	NA	NA	NA	NA	NA	NA	NA	NA	NA	NA	NA	NA	NA	NA	NA	NA	NA	NA	1	1310	0.000763358778625954	0	374	0	0	462	0	1	474	0.00210970464135021
Var000006632	Var000006632	11	108186756	C	G	ATM	missense_variant	NA	1	MODERATE	NA	2	1468	0.001362	3149.91	7.798	41700	FALSE	60	FALSE	FALSE	1	-0.0015	3.0133	FALSE	G	caC/caG	H/Q	6499	6114	2038	NA	deleterious	0	probably_damaging	0.987	NA	NA	NA	NA	NA	NA	NA	NA	NA	NA	NA	NA	NA	NA	NA	NA	NA	NA	NA	NA	NA	NA	NA	NA	NA	NA	NA	NA	NA	1	1334	0.000749625187406297	0	394	0	0	466	0	1	474	0.00210970464135021
Var000006636	Var000006636	11	108188101	C	A	ATM	missense_variant&splice_region_variant	NA	1	MODERATE	rs397514577	1	1464	0.0006831	652.34	6.811	26926	FALSE	60	FALSE	FALSE	1	-0.0011	3.0103	FALSE	A	gCc/gAc	A/D	6585	6200	2067	uncertain_significance&pathogenic	deleterious	0	possibly_damaging	0.675	NA	NA	NA	NA	NA	NA	NA	NA	NA	NA	NA	NA	NA	NA	NA	NA	NA	NA	NA	NA	NA	NA	NA	NA	NA	NA	NA	NA	NA	1	1318	0.000758725341426404	0	390	0	0	458	0	1	470	0.00212765957446809
Var000006715	Var000006715	11	108205832	T	C	ATM	missense_variant	NA	1	MODERATE	rs587782652	1	1426	0.0007013	1706.45	5.0227	42948	FALSE	60	FALSE	FALSE	1	-8e-04	3.0103	FALSE	C	gTt/gCt	V/A	8532	8147	2716	likely_pathogenic	deleterious	0	probably_damaging	0.996	NA	NA	NA	NA	NA	NA	NA	NA	2	106210	1.883e-05	2	1	1	0	0	1	1	0	0	106066	60296	45770	9024	11198	54316	6608	16404	7822	1	1286	0.000777604976671851	0	348	0	1	464	0.0021551724137931	0	474	0
Var000006849	Var000006849	11	110134776	C	G	RDX	missense_variant	NA	-1	MODERATE	rs200090161	1	1458	0.0006859	1214.4	1.1593	25052	FALSE	59.49	FALSE	FALSE	1	-0.0025	3.0281	FALSE	G	Gct/Cct	A/P	686	376	126	NA	deleterious	0	probably_damaging	0.998	2	5008	0.000399361	0	0	0.002	0	0	7	106210	6.591e-05	7	6	1	0	0	7	0	0	0	106068	60288	45780	9044	11198	54272	6612	16386	7864	1	1268	0.000788643533123028	1	386	0.00259067357512953	0	436	0	0	446	0
Var000007177	Var000007177	12	21624546	C	G	RECQL	missense_variant	NA	-1	MODERATE	rs6499	6	1468	0.004087	7695.67	10.9079	41022	FALSE	60	FALSE	TRUE	1	-0.0043	3.0548	FALSE	G	Gat/Cat	D/H	1952	1483	495	NA	deleterious	0.04	probably_damaging	0.941	9	5008	0.00179712	0	0.0043	0.006	0	0	397	106206	0.003738	397	182	215	14	71	284	24	0	0	105762	60092	45670	9052	11082	54144	6596	16336	7860	5	1332	0.00375375375375375	3	394	0.00761421319796954	1	464	0.0021551724137931	1	474	0.00210970464135021
Var000007199	Var000007199	12	21628407	C	T	RECQL	missense_variant	NA	-1	MODERATE	rs770588203	1	1436	0.0006964	65.42	1.5639	27681	FALSE	60	FALSE	FALSE	1	-0.0012	3.0103	FALSE	T	cGt/cAt	R/H	1680	1211	404	NA	deleterious	0	probably_damaging	1	NA	NA	NA	NA	NA	NA	NA	NA	NA	NA	NA	NA	NA	NA	NA	NA	NA	NA	NA	NA	NA	NA	NA	NA	NA	NA	NA	NA	NA	1	1284	0.000778816199376947	0	364	0	1	452	0.00221238938053097	0	468	0
Var000007204	Var000007204	12	21628506	G	A	RECQL	missense_variant	NA	-1	MODERATE	NA	2	1440	0.001389	72.84	6.0468	23847	FALSE	60	FALSE	FALSE	1	-0.0027	3.0194	FALSE	A	aCt/aTt	T/I	1581	1112	371	NA	deleterious	0	probably_damaging	1	NA	NA	NA	NA	NA	NA	NA	NA	NA	NA	NA	NA	NA	NA	NA	NA	NA	NA	NA	NA	NA	NA	NA	NA	NA	NA	NA	NA	NA	1	1256	0.000796178343949045	0	366	0	0	434	0	1	456	0.00219298245614035
Var000007211	Var000007211	12	21628732	C	T	RECQL	missense_variant	NA	-1	MODERATE	NA	2	1450	0.001379	32.85	6.2024	22530	FALSE	60	FALSE	FALSE	1	0.4852	3.0133	FALSE	T	Gac/Aac	D/N	1445	976	326	NA	deleterious	0.03	probably_damaging	0.999	NA	NA	NA	NA	NA	NA	NA	NA	NA	NA	NA	NA	NA	NA	NA	NA	NA	NA	NA	NA	NA	NA	NA	NA	NA	NA	NA	NA	NA	1	1272	0.000786163522012579	0	374	0	0	444	0	1	454	0.00220264317180617
Var000007227	Var000007227	12	21636313	G	A	RECQL	missense_variant	NA	-1	MODERATE	NA	1	1458	0.0006859	35.37	5.3542	22237	FALSE	60	FALSE	FALSE	1	-0.0012	3.0103	FALSE	A	Cct/Tct	P/S	1166	697	233	NA	deleterious	0.01	probably_damaging	0.997	NA	NA	NA	NA	NA	NA	NA	NA	NA	NA	NA	NA	NA	NA	NA	NA	NA	NA	NA	NA	NA	NA	NA	NA	NA	NA	NA	NA	NA	1	1282	0.00078003120124805	0	388	0	0	434	0	1	460	0.00217391304347826
Var000007246	Var000007246	12	21643141	C	T	RECQL	missense_variant	NA	-1	MODERATE	rs187203579	1	1140	0.0008772	2580.51	NA	NA	FALSE	NA	FALSE	FALSE	NA	NA	NA	TRUE	T	tGt/tAt	C/Y	855	386	129	NA	deleterious	0.01	probably_damaging	0.968	1	5008	0.000199681	0	0	0.001	0	0	7	106210	6.591e-05	7	5	2	1	0	6	0	0	0	105980	60208	45772	9064	11178	54198	6610	16374	7864	1	1302	0.000768049155145929	1	362	0.00276243093922652	0	466	0	0	474	0
Var000007526	Var000007526	12	131476824	GAA	G	GPR133	frameshift_variant	NA	1	HIGH	rs753640901	1	1446	0.0006916	6651.35	0.881	124108	FALSE	60.06	FALSE	FALSE	1	-7e-04	3.0103	FALSE	-	gAA/g	E/X	1413-1414	854-855	285	NA	NA	NA	NA	NA	NA	NA	NA	NA	NA	NA	NA	NA	NA	NA	NA	NA	NA	NA	NA	NA	NA	NA	NA	NA	NA	NA	NA	NA	NA	NA	NA	NA	NA	1	1312	0.00076219512195122	0	372	0	1	466	0.00214592274678112	0	474	0
Var000007655	Var000007655	13	23905481	C	CA	SACS	frameshift_variant	NA	-1	HIGH	NA	1	1452	0.0006887	62.71	1.5019	26399	FALSE	60	FALSE	FALSE	1	-0.002	3.0103	FALSE	A	ccg/ccTg	P/PX	13122-13123	12533-12534	4178	NA	NA	NA	NA	NA	NA	NA	NA	NA	NA	NA	NA	NA	NA	NA	NA	NA	NA	NA	NA	NA	NA	NA	NA	NA	NA	NA	NA	NA	NA	NA	NA	NA	NA	1	1286	0.000777604976671851	0	354	0	1	464	0.0021551724137931	0	468	0
Var000007713	Var000007713	13	23909622	G	T	SACS	missense_variant	NA	-1	MODERATE	rs140551762	5	1468	0.003406	3769.51	8.2096	31439	FALSE	60	FALSE	TRUE	1	-0.0035	3.04	FALSE	T	cCa/cAa	P/Q	8982	8393	2798	uncertain_significance&likely_pathogenic	NA	NA	probably_damaging	0.999	2	5008	0.000399361	0	0	0.002	0	0	170	106210	0.001601	170	105	65	3	7	153	5	2	0	106040	60256	45784	9048	11182	54256	6604	16398	7858	5	1332	0.00375375375375375	1	394	0.00253807106598985	1	464	0.0021551724137931	3	474	0.00632911392405063
Var000007933	Var000007933	13	25458299	C	A	CENPJ	stop_gained&splice_region_variant	NA	-1	HIGH	NA	1	1446	0.0006916	35.28	2.8158	22613	FALSE	60	FALSE	FALSE	1	-0.0032	3.0103	FALSE	A	Gaa/Taa	E/*	3889	3703	1235	NA	NA	NA	NA	NA	NA	NA	NA	NA	NA	NA	NA	NA	NA	NA	NA	NA	NA	NA	NA	NA	NA	NA	NA	NA	NA	NA	NA	NA	NA	NA	NA	NA	NA	1	1150	0.000869565217391304	0	346	0	0	398	0	1	406	0.00246305418719212
Var000008023	Var000008023	13	25479719	A	AT	CENPJ	stop_gained&frameshift_variant	NA	-1	HIGH	rs749518656	1	1426	0.0007013	2523.41	1.4685	29334	FALSE	60.06	FALSE	FALSE	1	-7e-04	3.0103	FALSE	T	tat/taAt	Y/*	2642-2643	2456-2457	819	NA	NA	NA	NA	NA	NA	NA	NA	NA	NA	NA	NA	NA	NA	NA	NA	NA	NA	NA	NA	NA	NA	NA	NA	NA	NA	NA	NA	NA	NA	NA	NA	NA	NA	1	1288	0.00077639751552795	1	350	0.00285714285714286	0	464	0	0	474	0
Var000008031	Var000008031	13	25480327	G	A	CENPJ	missense_variant	NA	-1	MODERATE	rs573822147	2	1428	0.001401	419.64	7.5969	26886	FALSE	60	FALSE	FALSE	1	-0.0016	3.0133	FALSE	A	Cct/Tct	P/S	2035	1849	617	NA	deleterious	0	probably_damaging	1	NA	NA	NA	NA	NA	NA	NA	NA	30	106210	0.0002825	30	24	6	0	5	4	0	21	0	105534	59868	45666	9064	11190	54136	6612	15974	7866	1	1272	0.000786163522012579	0	350	0	1	454	0.00220264317180617	0	468	0
Var000008044	Var000008044	13	25481285	A	C	CENPJ	missense_variant	NA	-1	MODERATE	rs143258862	5	1460	0.003425	5960.63	9.179	35670	FALSE	60	FALSE	TRUE	1	-0.0034	3.0401	FALSE	C	Tac/Gac	Y/D	1207	1021	341	uncertain_significance	deleterious	0	probably_damaging	0.914	2	5008	0.000399361	0	0.0014	0	0.001	0	142	106200	0.001337	142	81	61	5	7	122	2	5	0	105786	60098	45688	9022	11134	54130	6596	16362	7852	4	1326	0.00301659125188537	0	388	0	3	464	0.00646551724137931	1	474	0.00210970464135021
Var000008059	Var000008059	13	25482265	C	T	CENPJ	splice_acceptor_variant	NA	-1	HIGH	NA	1	1428	0.0007003	45.49	6.6797	19699	FALSE	60	FALSE	FALSE	1	-0.0023	3.0133	FALSE	T	NA	NA	NA	NA	NA	NA	NA	NA	NA	NA	NA	NA	NA	NA	NA	NA	NA	NA	NA	NA	NA	NA	NA	NA	NA	NA	NA	NA	NA	NA	NA	NA	NA	NA	NA	NA	NA	NA	NA	1	1214	0.000823723228995058	0	358	0	1	422	0.0023696682464455	0	434	0
Var000008069	Var000008069	13	25486745	T	G	CENPJ	missense_variant	NA	-1	MODERATE	rs201531824	1	1456	0.0006868	1575.36	3.1525	31816	FALSE	60	FALSE	FALSE	1	-8e-04	3.0103	FALSE	G	gAc/gCc	D/A	605	419	140	NA	deleterious	0	probably_damaging	0.935	3	5008	0.000599042	0	0.0029	0.001	0	0	NA	NA	NA	NA	NA	NA	NA	NA	NA	NA	NA	NA	NA	NA	NA	NA	NA	NA	NA	NA	NA	1	1310	0.000763358778625954	1	384	0.00260416666666667	0	456	0	0	470	0
Var000008119	Var000008119	13	32900675	G	T	BRCA2	missense_variant	NA	1	MODERATE	NA	1	1418	0.0007052	32.49	5.4002	23037	FALSE	60	FALSE	FALSE	1	-7e-04	3.0103	FALSE	T	Gct/Tct	A/S	783	556	186	NA	deleterious	0.01	probably_damaging	0.999	NA	NA	NA	NA	NA	NA	NA	NA	NA	NA	NA	NA	NA	NA	NA	NA	NA	NA	NA	NA	NA	NA	NA	NA	NA	NA	NA	NA	NA	1	1262	0.000792393026941363	0	346	0	1	452	0.00221238938053097	0	464	0
Var000008200	Var000008200	13	32911863	A	G	BRCA2	missense_variant	NA	1	MODERATE	NA	1	1460	0.0006849	52.37	5.6276	23819	FALSE	60	FALSE	FALSE	1	-0.0017	3.0103	FALSE	G	cAg/cGg	Q/R	3598	3371	1124	NA	deleterious	0	probably_damaging	0.999	NA	NA	NA	NA	NA	NA	NA	NA	NA	NA	NA	NA	NA	NA	NA	NA	NA	NA	NA	NA	NA	NA	NA	NA	NA	NA	NA	NA	NA	1	1298	0.000770416024653313	0	390	0	0	444	0	1	464	0.0021551724137931
Var000008625	Var000008625	13	42481820	G	A	VWA8	missense_variant	NA	-1	MODERATE	rs142543350	1	1468	0.0006812	425.32	2.6613	296275	FALSE	60	FALSE	FALSE	1	-8e-04	3.0103	FALSE	A	Cgg/Tgg	R/W	454	385	129	NA	deleterious	0	probably_damaging	0.988	3	5008	0.000599042	0	0.0029	0.001	0	0	81	106210	0.0007626	81	42	39	1	3	70	3	2	0	106120	60298	45822	9062	11186	54302	6604	16406	7866	1	1250	8e-04	1	392	0.00255102040816327	0	430	0	0	428	0
Var000008643	Var000008643	13	108861177	G	A	LIG4	stop_gained	NA	-1	HIGH	rs104894419&LIG4base_D0054:g.6954C>T	2	1454	0.001376	7114.76	8.217	34315	FALSE	60	FALSE	TRUE	1	-0.0015	3.0133	FALSE	A	Cga/Tga	R/*	2713	2440	814	pathogenic	NA	NA	NA	NA	1	5008	0.000199681	8e-04	0	0	0	0	7	106210	6.591e-05	7	4	3	1	0	4	0	1	1	106198	60332	45866	9064	11214	54340	6614	16408	7866	2	1314	0.0015220700152207	0	374	0	0	466	0	2	474	0.00421940928270042
Var000008650	Var000008650	13	108861866	ATCTTT	A	LIG4	frameshift_variant	NA	-1	HIGH	rs759829934	1	1456	0.0006868	3175.32	2.5354	34345	FALSE	60.06	FALSE	FALSE	1	-8e-04	3.0103	FALSE	-	gaAAAGAta/gata	EKI/DX	2019-2023	1746-1750	582-584	NA	NA	NA	NA	NA	NA	NA	NA	NA	NA	NA	NA	NA	NA	NA	NA	NA	NA	NA	NA	NA	NA	NA	NA	NA	NA	NA	NA	NA	NA	NA	NA	NA	NA	1	1316	0.000759878419452888	1	376	0.00265957446808511	0	466	0	0	474	0
Var000008653	Var000008653	13	108862280	C	G	LIG4	missense_variant	NA	-1	MODERATE	rs199934893	1	1458	0.0006859	3836.44	3.3651	33227	FALSE	60	FALSE	FALSE	1	-7e-04	3.0103	FALSE	G	gGg/gCg	G/A	1610	1337	446	NA	deleterious	0.02	probably_damaging	0.92	1	5008	0.000199681	0	0	0.001	0	0	3	106210	2.825e-05	3	2	1	0	0	3	0	0	0	106194	60330	45864	9062	11216	54336	6614	16406	7866	1	1322	0.00075642965204236	1	382	0.00261780104712042	0	466	0	0	474	0
Var000008807	Var000008807	14	45644816	A	C	FANCM	missense_variant	NA	1	MODERATE	rs142864437	3	1466	0.002046	1528.83	7.5016	26062	FALSE	60	FALSE	FALSE	1	-0.0025	3.0192	FALSE	C	aaA/aaC	K/N	2944	2859	953	NA	deleterious	0	probably_damaging	0.983	NA	NA	NA	NA	NA	NA	NA	NA	NA	NA	NA	NA	NA	NA	NA	NA	NA	NA	NA	NA	NA	NA	NA	NA	NA	NA	NA	NA	NA	2	1320	0.00151515151515152	0	392	0	1	460	0.00217391304347826	1	468	0.00213675213675214
Var000008887	Var000008887	14	45658326	C	T	FANCM	stop_gained	NA	1	HIGH	rs147021911	4	1430	0.002797	3458.63	1.4598	28858	FALSE	60	FALSE	TRUE	1	-0.0029	3.0286	FALSE	T	Cag/Tag	Q/*	5186	5101	1701	NA	NA	NA	NA	NA	4	5008	0.000798722	0	0	0.004	0	0	152	106210	0.001431	152	83	69	1	1	89	59	0	0	105986	60248	45738	9006	11200	54202	6614	16406	7864	4	1290	0.00310077519379845	1	358	0.00279329608938547	2	462	0.00432900432900433	1	470	0.00212765957446809
Var000008918	Var000008918	14	45667921	C	T	FANCM	stop_gained	NA	1	HIGH	rs144567652	2	1444	0.001385	1605.88	4.1928	25375	FALSE	60	FALSE	TRUE	1	-0.0019	3.0133	FALSE	T	Cga/Tga	R/*	5876	5791	1931	NA	NA	NA	NA	NA	3	5008	0.000599042	0	0	0.003	0	0	NA	NA	NA	NA	NA	NA	NA	NA	NA	NA	NA	NA	NA	NA	NA	NA	NA	NA	NA	NA	NA	1	1288	0.00077639751552795	1	360	0.00277777777777778	0	460	0	0	468	0
Var000009263	Var000009263	16	2094653	A	G	NTHL1	missense_variant	NA	-1	MODERATE	rs1805378	2	1440	0.001389	369.94	8.9812	66886	FALSE	60	FALSE	TRUE	1	-0.0034	3.0133	FALSE	G	aTc/aCc	I/T	546	527	176	NA	deleterious	0	probably_damaging	0.999	5	5008	0.000998403	0	0.0029	0.002	0	0.001	205	106198	0.00193	205	106	99	1	20	169	1	13	0	105322	60020	45302	8828	11160	53944	6522	16382	7798	2	1180	0.00169491525423729	2	338	0.00591715976331361	0	412	0	0	430	0
Var000009307	Var000009307	16	3632423	T	C	SLX4	missense_variant	NA	-1	MODERATE	NA	1	1468	0.0006812	6562.32	5.589	119639	FALSE	60	FALSE	FALSE	1	-7e-04	3.0103	FALSE	C	Acc/Gcc	T/A	6066	5425	1809	NA	deleterious	0	probably_damaging	0.995	NA	NA	NA	NA	NA	NA	NA	NA	NA	NA	NA	NA	NA	NA	NA	NA	NA	NA	NA	NA	NA	NA	NA	NA	NA	NA	NA	NA	NA	1	1330	0.00075187969924812	0	394	0	0	464	0	1	472	0.00211864406779661
Var000009361	Var000009361	16	3641255	G	C	SLX4	stop_gained	NA	-1	HIGH	NA	1	1468	0.0006812	6641.41	1.9295	70063	FALSE	60	FALSE	FALSE	1	-7e-04	3.0103	FALSE	C	tCa/tGa	S/*	3025	2384	795	NA	NA	NA	NA	NA	NA	NA	NA	NA	NA	NA	NA	NA	NA	NA	NA	NA	NA	NA	NA	NA	NA	NA	NA	NA	NA	NA	NA	NA	NA	NA	NA	NA	NA	1	1334	0.000749625187406297	0	394	0	1	466	0.00214592274678112	0	474	0
Var000009412	Var000009412	16	3647691	T	C	SLX4	missense_variant	NA	-1	MODERATE	rs149126845	3	1468	0.002044	7236.8	8.0171	35590	FALSE	60	FALSE	FALSE	1	-0.0023	3.0192	FALSE	C	Aaa/Gaa	K/E	2013	1372	458	NA	deleterious	0	probably_damaging	0.997	1	5008	0.000199681	0	0.0014	0	0	0	63	106200	0.0005932	63	40	23	1	19	42	0	0	0	105294	60246	45048	8556	11204	54014	6602	16398	7830	3	1306	0.00229709035222052	0	366	0	2	466	0.00429184549356223	1	474	0.00210970464135021
Var000009450	Var000009450	16	3658545	C	A	SLX4	missense_variant	NA	-1	MODERATE	rs137976282	3	1424	0.002107	9772.36	3.5562	58571	FALSE	60	FALSE	TRUE	1	-0.0023	3.0195	FALSE	A	Ggg/Tgg	G/W	1062	421	141	uncertain_significance	deleterious	0	probably_damaging	0.939	NA	NA	NA	NA	NA	NA	NA	NA	NA	NA	NA	NA	NA	NA	NA	NA	NA	NA	NA	NA	NA	NA	NA	NA	NA	NA	NA	NA	NA	3	1286	0.00233281493001555	1	346	0.00289017341040462	1	466	0.00214592274678112	1	474	0.00210970464135021
Var000009572	Var000009572	16	14041723	T	C	ERCC4	missense_variant	NA	1	MODERATE	NA	1	1442	0.0006935	2240.4	4.1549	37053	FALSE	60	FALSE	FALSE	1	-7e-04	3.0103	FALSE	C	cTt/cCt	L/P	2279	2270	757	NA	deleterious	0	probably_damaging	1	NA	NA	NA	NA	NA	NA	NA	NA	NA	NA	NA	NA	NA	NA	NA	NA	NA	NA	NA	NA	NA	NA	NA	NA	NA	NA	NA	NA	NA	1	1306	0.000765696784073507	0	366	0	0	466	0	1	474	0.00210970464135021
Var000009662	Var000009662	16	23640535	G	A	PALB2	missense_variant	NA	-1	MODERATE	NA	1	1408	0.0007102	136.42	7.1139	18612	FALSE	60	FALSE	FALSE	1	-0.0021	3.0103	FALSE	A	tCa/tTa	S/L	2729	2576	859	NA	deleterious	0	probably_damaging	0.995	NA	NA	NA	NA	NA	NA	NA	NA	NA	NA	NA	NA	NA	NA	NA	NA	NA	NA	NA	NA	NA	NA	NA	NA	NA	NA	NA	NA	NA	1	1158	0.000863557858376511	0	342	0	1	406	0.00246305418719212	0	410	0
Var000009683	Var000009683	16	23646275	A	T	PALB2	stop_gained	NA	-1	HIGH	rs540962715	1	1432	0.0006983	3098.14	NA	NA	FALSE	NA	FALSE	FALSE	NA	NA	NA	TRUE	T	tTg/tAg	L/*	1745	1592	531	NA	NA	NA	NA	NA	1	5008	0.000199681	0	0	0.001	0	0	NA	NA	NA	NA	NA	NA	NA	NA	NA	NA	NA	NA	NA	NA	NA	NA	NA	NA	NA	NA	NA	1	1236	0.000809061488673139	1	394	0.00253807106598985	0	408	0	0	434	0
Var000009947	Var000009947	16	74695158	G	A	RFWD3	stop_gained	NA	-1	HIGH	NA	1	1454	0.0006878	265.37	1.1768	25354	FALSE	60	FALSE	FALSE	1	-0.0013	3.0103	FALSE	A	Caa/Taa	Q/*	288	190	64	NA	NA	NA	NA	NA	NA	NA	NA	NA	NA	NA	NA	NA	NA	NA	NA	NA	NA	NA	NA	NA	NA	NA	NA	NA	NA	NA	NA	NA	NA	NA	NA	NA	NA	1	1264	0.000791139240506329	0	384	0	0	432	0	1	448	0.00223214285714286
Var000010145	Var000010145	16	89857848	C	T	FANCA	missense_variant	NA	-1	MODERATE	rs371716550	1	1468	0.0006812	7873.32	6.2177	256011	FALSE	60	FALSE	FALSE	1	-8e-04	3.0103	FALSE	T	gGc/gAc	G/D	1353	1322	441	NA	deleterious	0	probably_damaging	0.931	NA	NA	NA	NA	NA	NA	NA	NA	1	106210	9.415e-06	1	0	1	0	0	1	0	0	0	103528	58964	44564	8804	10904	53174	6218	15966	7790	1	1296	0.000771604938271605	0	388	0	1	454	0.00220264317180617	0	454	0
Var000010339	Var000010339	17	5462417	C	A	NLRP1	missense_variant	NA	-1	MODERATE	rs112191372	8	1452	0.00551	74884.77	5.6699	79679	FALSE	60	FALSE	FALSE	1	-0.0057	3.0945	FALSE	A	caG/caT	Q/H	1599	1599	533	NA	deleterious	0.02	probably_damaging	0.957	11	5008	0.00219649	8e-04	0.0072	0.005	0	0	433	106210	0.004077	433	248	185	23	33	349	9	12	2	106182	60332	45850	9056	11216	54328	6614	16408	7866	3	1304	0.00230061349693252	2	376	0.00531914893617021	1	458	0.00218340611353712	0	470	0
Var000010506	Var000010506	17	29528468	G	A	NF1	missense_variant	NA	1	MODERATE	NA	1	1440	0.0006944	65.42	5.7233	22278	FALSE	60	FALSE	FALSE	1	-1e-04	3.0103	FALSE	A	Gtg/Atg	V/M	1608	1225	409	NA	deleterious	0	probably_damaging	0.986	NA	NA	NA	NA	NA	NA	NA	NA	NA	NA	NA	NA	NA	NA	NA	NA	NA	NA	NA	NA	NA	NA	NA	NA	NA	NA	NA	NA	NA	1	1270	0.00078740157480315	0	366	0	0	450	0	1	454	0.00220264317180617
Var000010532	Var000010532	17	29546078	G	A	NF1	missense_variant	NA	1	MODERATE	NA	1	1468	0.0006812	67.34	1.84	37944	FALSE	60	FALSE	FALSE	1	-0.0013	3.0133	FALSE	A	gGg/gAg	G/E	1966	1583	528	NA	deleterious	0	probably_damaging	0.997	NA	NA	NA	NA	NA	NA	NA	NA	NA	NA	NA	NA	NA	NA	NA	NA	NA	NA	NA	NA	NA	NA	NA	NA	NA	NA	NA	NA	NA	1	1330	0.00075187969924812	0	394	0	1	466	0.00214592274678112	0	470	0
Var000010609	Var000010609	17	29560218	C	T	NF1	missense_variant	NA	1	MODERATE	NA	1	1462	0.000684	136.45	6.855	26940	FALSE	60	FALSE	FALSE	1	-0.0013	3.0103	FALSE	T	cCt/cTt	P/L	4078	3695	1232	NA	deleterious	0.02	probably_damaging	0.991	NA	NA	NA	NA	NA	NA	NA	NA	NA	NA	NA	NA	NA	NA	NA	NA	NA	NA	NA	NA	NA	NA	NA	NA	NA	NA	NA	NA	NA	1	1316	0.000759878419452888	0	388	0	1	454	0.00220264317180617	0	474	0
Var000010864	Var000010864	17	31065335	G	T	MYO1D	missense_variant	NA	-1	MODERATE	NA	2	1448	0.001381	96.14	5.7629	20150	FALSE	60	FALSE	FALSE	1	-0.0026	3.0193	FALSE	T	cCt/cAt	P/H	1987	1682	561	NA	deleterious	0	probably_damaging	1	NA	NA	NA	NA	NA	NA	NA	NA	NA	NA	NA	NA	NA	NA	NA	NA	NA	NA	NA	NA	NA	NA	NA	NA	NA	NA	NA	NA	NA	2	1242	0.00161030595813205	0	378	0	0	430	0	2	434	0.00460829493087558
Var000010869	Var000010869	17	31072228	C	T	MYO1D	splice_donor_variant	NA	-1	HIGH	rs779279939	1	1456	0.0006868	35.37	4.7363	26657	FALSE	60	FALSE	FALSE	1	-0.0013	3.0103	FALSE	T	NA	NA	NA	NA	NA	NA	NA	NA	NA	NA	NA	NA	NA	NA	NA	NA	NA	NA	2	106064	1.886e-05	1	1	0	0	0	1	0	0	0	63528	37310	26218	5114	8216	27428	4688	12342	5318	1	1274	0.000784929356357928	0	352	0	0	454	0	1	468	0.00213675213675214
Var000010892	Var000010892	17	31098168	T	C	MYO1D	missense_variant	NA	-1	MODERATE	rs140320920	2	1428	0.001401	12240.92	2.7766	45921	FALSE	60	FALSE	FALSE	1	-0.0015	3.0133	FALSE	C	tAt/tGt	Y/C	994	689	230	NA	deleterious	0	probably_damaging	0.997	NA	NA	NA	NA	NA	NA	NA	NA	68	106208	0.0006403	68	43	25	1	1	63	1	0	0	106080	60274	45806	9052	11196	54284	6610	16386	7858	1	1292	0.000773993808049536	0	354	0	1	464	0.0021551724137931	0	474	0
Var000011027	Var000011027	17	35564593	G	A	ACACA	missense_variant	NA	-1	MODERATE	rs144494055	1	1446	0.0006916	1272.39	3.1758	37247	FALSE	60	FALSE	FALSE	1	-8e-04	3.0103	FALSE	A	Cgg/Tgg	R/W	4311	3829	1277	NA	deleterious	0.01	probably_damaging	0.971	NA	NA	NA	NA	NA	NA	NA	NA	12	106210	0.000113	12	8	4	1	0	10	0	1	0	105854	60142	45712	9056	11078	54244	6598	16356	7830	1	1312	0.00076219512195122	0	372	0	0	466	0	1	474	0.00210970464135021
Var000011088	Var000011088	17	35601650	C	T	ACACA	missense_variant&splice_region_variant	NA	-1	MODERATE	rs376857311	1	1430	0.0006993	1644.44	10.8217	35312	FALSE	60	FALSE	FALSE	1	-4e-04	3.0103	FALSE	T	Gct/Act	A/T	3078	2596	866	NA	deleterious	0.02	probably_damaging	0.996	NA	NA	NA	NA	NA	NA	NA	NA	1	106210	9.415e-06	1	0	1	0	0	1	0	0	0	106206	60336	45870	9066	11216	54346	6614	16408	7862	1	1296	0.000771604938271605	0	356	0	1	466	0.00214592274678112	0	474	0
Var000011094	Var000011094	17	35605594	G	A	ACACA	stop_gained	NA	-1	HIGH	NA	1	1432	0.0006983	91.47	7.3612	18691	FALSE	60	FALSE	FALSE	1	-0.002	3.0103	FALSE	A	Caa/Taa	Q/*	2568	2086	696	NA	NA	NA	NA	NA	NA	NA	NA	NA	NA	NA	NA	NA	NA	NA	NA	NA	NA	NA	NA	NA	NA	NA	NA	NA	NA	NA	NA	NA	NA	NA	NA	NA	NA	1	1182	0.000846023688663283	0	362	0	0	398	0	1	422	0.0023696682464455
Var000011258	Var000011258	17	41243781	GT	G	BRCA1	frameshift_variant	NA	-1	HIGH	NA	2	1434	0.001395	331.62	3.5712	18865	FALSE	60	FALSE	FALSE	1	-0.0011	3.0133	FALSE	-	Aca/ca	T/X	3998	3766	1256	NA	NA	NA	NA	NA	NA	NA	NA	NA	NA	NA	NA	NA	NA	NA	NA	NA	NA	NA	NA	NA	NA	NA	NA	NA	NA	NA	NA	NA	NA	NA	NA	NA	NA	1	1174	0.000851788756388416	0	360	0	1	402	0.00248756218905473	0	412	0
Var000011406	Var000011406	17	56774141	T	G	RAD51C	missense_variant	NA	1	MODERATE	rs573992101	1	1464	0.0006831	3781.33	4.1739	31797	FALSE	60	FALSE	FALSE	1	-8e-04	3.0103	FALSE	G	ttT/ttG	F/L	563	492	164	uncertain_significance	deleterious	0.01	probably_damaging	0.951	1	5008	0.000199681	0	0	0.001	0	0	4	106210	3.766e-05	4	1	3	0	4	0	0	0	0	106210	60336	45874	9066	11216	54346	6614	16408	7866	1	1322	0.00075642965204236	1	384	0.00260416666666667	0	464	0	0	474	0
Var000011432	Var000011432	17	59760851	T	A	BRIP1	stop_gained	NA	-1	HIGH	NA	1	1434	0.0006974	76.59	5.9693	20959	FALSE	60	FALSE	FALSE	1	-0.0021	3.0133	FALSE	A	Aaa/Taa	K/*	3824	3556	1186	NA	NA	NA	NA	NA	NA	NA	NA	NA	NA	NA	NA	NA	NA	NA	NA	NA	NA	NA	NA	NA	NA	NA	NA	NA	NA	NA	NA	NA	NA	NA	NA	NA	NA	1	1230	0.000813008130081301	0	344	0	0	438	0	1	448	0.00223214285714286
Var000011438	Var000011438	17	59761005	AG	A	BRIP1	frameshift_variant	NA	-1	HIGH	rs756853672	1	1462	0.000684	3327.43	3.6017	29046	FALSE	60	FALSE	FALSE	1	-9e-04	3.0103	FALSE	-	cCt/ct	P/X	3669	3401	1134	uncertain_significance	NA	NA	NA	NA	NA	NA	NA	NA	NA	NA	NA	NA	NA	NA	NA	NA	NA	NA	NA	NA	NA	NA	NA	NA	NA	NA	NA	NA	NA	NA	NA	NA	NA	1	1316	0.000759878419452888	0	382	0	0	464	0	1	470	0.00212765957446809
Var000011463	Var000011463	17	59770824	G	A	BRIP1	missense_variant	NA	-1	MODERATE	rs45572934	2	1426	0.001403	76.22	6.4647	22804	FALSE	60	FALSE	FALSE	1	-0.0028	3.0194	FALSE	A	Cgc/Tgc	R/C	2810	2542	848	uncertain_significance	deleterious	0	probably_damaging	0.998	NA	NA	NA	NA	NA	NA	NA	NA	NA	NA	NA	NA	NA	NA	NA	NA	NA	NA	NA	NA	NA	NA	NA	NA	NA	NA	NA	NA	NA	1	1232	0.000811688311688312	0	352	0	0	440	0	1	440	0.00227272727272727
Var000011470	Var000011470	17	59793322	C	T	BRIP1	missense_variant	NA	-1	MODERATE	NA	1	1444	0.0006925	67.41	5.6603	24246	FALSE	60	FALSE	FALSE	1	-0.0014	3.0133	FALSE	T	Gcc/Acc	A/T	2750	2482	828	NA	deleterious	0	probably_damaging	1	NA	NA	NA	NA	NA	NA	NA	NA	NA	NA	NA	NA	NA	NA	NA	NA	NA	NA	NA	NA	NA	NA	NA	NA	NA	NA	NA	NA	NA	1	1248	0.000801282051282051	0	338	0	0	450	0	1	460	0.00217391304347826
Var000011503	Var000011503	17	59853918	C	A	BRIP1	missense_variant	NA	-1	MODERATE	rs786202760	1	1416	0.0007062	1132.49	3.8628	21373	FALSE	60	FALSE	FALSE	1	-0.0016	3.0103	FALSE	A	tgG/tgT	W/C	2209	1941	647	uncertain_significance	deleterious	0	probably_damaging	0.999	NA	NA	NA	NA	NA	NA	NA	NA	NA	NA	NA	NA	NA	NA	NA	NA	NA	NA	NA	NA	NA	NA	NA	NA	NA	NA	NA	NA	NA	1	1232	0.000811688311688312	0	336	0	1	442	0.00226244343891403	0	454	0
Var000011522	Var000011522	17	59871091	C	A	BRIP1	splice_acceptor_variant	NA	-1	HIGH	NA	1	1456	0.0006868	52.45	5.3414	19054	FALSE	60	FALSE	FALSE	1	-0.003	3.0133	FALSE	A	NA	NA	NA	NA	NA	NA	NA	NA	NA	NA	NA	NA	NA	NA	NA	NA	NA	NA	NA	NA	NA	NA	NA	NA	NA	NA	NA	NA	NA	NA	NA	NA	NA	NA	NA	NA	NA	NA	NA	1	1198	0.000834724540901503	0	376	0	0	404	0	1	418	0.00239234449760766
Var000011713	Var000011713	18	28916401	C	T	DSG1	stop_gained	NA	1	HIGH	NA	3	1458	0.002058	99.96	6.6532	22300	TRUE	60	FALSE	FALSE	1	-0.0029	3.0193	FALSE	T	Caa/Taa	Q/*	1302	1090	364	NA	NA	NA	NA	NA	NA	NA	NA	NA	NA	NA	NA	NA	NA	NA	NA	NA	NA	NA	NA	NA	NA	NA	NA	NA	NA	NA	NA	NA	NA	NA	NA	NA	NA	1	1268	0.000788643533123028	0	386	0	1	430	0.00232558139534884	0	452	0
Var000011765	Var000011765	18	28934267	A	G	DSG1	missense_variant	NA	1	MODERATE	rs750155269	1	1436	0.0006964	492.41	3.759	36819	TRUE	60	FALSE	FALSE	1	-7e-04	3.0103	FALSE	G	tAt/tGt	Y/C	2320	2108	703	NA	deleterious	0	probably_damaging	0.983	NA	NA	NA	NA	NA	NA	NA	NA	1	106210	9.415e-06	1	1	0	0	0	1	0	0	0	106146	60326	45820	9030	11212	54330	6614	16408	7858	1	1304	0.000766871165644172	0	364	0	1	466	0.00214592274678112	0	474	0
Var000011770	Var000011770	18	28934374	A	G	DSG1	missense_variant	NA	1	MODERATE	rs78995670	7	1436	0.004875	5791.12	10.8835	37336	TRUE	60	FALSE	TRUE	0.0146237411143235	-0.7088	0.0319	FALSE	G	Att/Gtt	I/V	2427	2215	739	NA	deleterious	0	probably_damaging	0.994	9	5008	0.00179712	8e-04	0.0014	0.004	0.0031	0	402	106210	0.003785	402	231	171	13	20	325	10	28	0	106206	60336	45870	9066	11216	54346	6614	16408	7862	7	1302	0.00537634408602151	3	364	0.00824175824175824	2	464	0.00431034482758621	2	474	0.00421940928270042
Var000011771	Var000011771	18	28934375	T	C	DSG1	missense_variant	NA	1	MODERATE	rs117656447	10	1436	0.006964	7678.17	3.8641	37390	TRUE	60	FALSE	TRUE	1	-0.0074	3.1475	FALSE	C	aTt/aCt	I/T	2428	2216	739	NA	deleterious	0	probably_damaging	0.999	18	5008	0.00359425	0	0.0115	0.0089	0.001	0	805	106210	0.007579	805	434	371	23	44	652	50	33	2	106206	60336	45870	9066	11216	54346	6614	16408	7862	10	1302	0.00768049155145929	1	364	0.00274725274725275	3	464	0.00646551724137931	6	474	0.0126582278481013
Var000011907	Var000011907	19	2934029	A	G	ZNF77	missense_variant	NA	-1	MODERATE	rs199748725	1	1468	0.0006812	1801.32	2.4517	88621	FALSE	60	FALSE	FALSE	1	-9e-04	3.0103	FALSE	G	Tct/Cct	S/P	1189	1096	366	NA	deleterious	0.02	probably_damaging	0.971	1	5008	0.000199681	0	0	0.001	0	0	NA	NA	NA	NA	NA	NA	NA	NA	NA	NA	NA	NA	NA	NA	NA	NA	NA	NA	NA	NA	NA	1	1330	0.00075187969924812	1	390	0.00256410256410256	0	466	0	0	474	0
Var000011919	Var000011919	19	2934365	A	AG	ZNF77	frameshift_variant	NA	-1	HIGH	rs762357197	3	1468	0.002044	6328.94	1.0041	63930	FALSE	60	FALSE	FALSE	1	-0.0021	3.0192	FALSE	G	-/C	-/X	852-853	759-760	253-254	NA	NA	NA	NA	NA	NA	NA	NA	NA	NA	NA	NA	NA	15	106210	0.0001412	15	8	7	0	1	14	0	0	0	106140	60316	45824	9042	11200	54320	6614	16406	7864	2	1334	0.00149925037481259	0	394	0	1	466	0.00214592274678112	1	474	0.00210970464135021
Var000012020	Var000012020	19	7083322	C	T	ZNF557	missense_variant	NA	1	MODERATE	rs200539541	1	1436	0.0006964	3357.42	2.9375	49833	FALSE	60	FALSE	FALSE	1	-0.001	3.0103	FALSE	T	aCg/aTg	T/M	1333	860	287	NA	deleterious	0.01	probably_damaging	0.961	NA	NA	NA	NA	NA	NA	NA	NA	NA	NA	NA	NA	NA	NA	NA	NA	NA	NA	NA	NA	NA	NA	NA	NA	NA	NA	NA	NA	NA	1	1294	0.000772797527047913	0	354	0	0	466	0	1	474	0.00210970464135021
Var000012023	Var000012023	19	7083436	G	A	ZNF557	missense_variant	NA	1	MODERATE	NA	1	1436	0.0006964	30.43	5.8974	23387	FALSE	60	FALSE	FALSE	1	-0.001	3.0103	FALSE	A	tGt/tAt	C/Y	1447	974	325	NA	deleterious	0	probably_damaging	0.937	NA	NA	NA	NA	NA	NA	NA	NA	NA	NA	NA	NA	NA	NA	NA	NA	NA	NA	NA	NA	NA	NA	NA	NA	NA	NA	NA	NA	NA	1	1266	0.000789889415481833	0	348	0	1	454	0.00220264317180617	0	464	0
Var000012547	Var000012547	22	21134223	G	A	SERPIND1	missense_variant	NA	1	MODERATE	rs5907	2	1466	0.001364	1836.69	6.7525	34614	FALSE	60	FALSE	TRUE	1	-0.0015	3.0133	FALSE	A	cGc/cAc	R/H	906	623	208	pathogenic	deleterious	0	probably_damaging	1	6	5008	0.00119808	8e-04	0	0.005	0	0	128	106210	0.001205	128	73	55	3	2	97	23	3	0	106198	60334	45864	9054	11216	54346	6614	16408	7866	2	1328	0.00150602409638554	1	394	0.00253807106598985	0	464	0	1	470	0.00212765957446809
Var000012550	Var000012550	22	21138428	T	A	SERPIND1	missense_variant	NA	1	MODERATE	rs147046923	1	1442	0.0006935	1012.4	1.8419	97384	FALSE	60	FALSE	FALSE	1	-7e-04	3.0103	FALSE	A	aTc/aAc	I/N	1341	1058	353	NA	deleterious	0	probably_damaging	0.971	1	5008	0.000199681	0	0	0.001	0	0	34	106210	0.0003201	34	17	17	2	7	25	0	0	0	106210	60336	45874	9066	11216	54346	6614	16408	7866	1	1308	0.000764525993883792	1	368	0.00271739130434783	0	466	0	0	474	0
Var000012596	Var000012596	22	29092962	T	G	CHEK2	missense_variant	NA	-1	MODERATE	rs773846607	1	1434	0.0006974	80.45	6.0712	26747	FALSE	60	FALSE	FALSE	1	-0.0013	3.0103	FALSE	G	aAc/aCc	N/T	1227	1151	384	NA	deleterious	0.01	probably_damaging	0.952	NA	NA	NA	NA	NA	NA	NA	NA	1	106206	9.416e-06	1	0	1	0	0	1	0	0	0	105250	59860	45390	8924	11056	53914	6540	16276	7850	1	1278	0.000782472613458529	0	350	0	1	454	0.00220264317180617	0	474	0
Var000012614	Var000012614	22	29121018	C	T	CHEK2	missense_variant	NA	-1	MODERATE	rs137853009	1	1444	0.0006925	2815.41	8.6459	24396	FALSE	60	FALSE	FALSE	1	-5e-04	3.0103	FALSE	T	cGc/cAc	R/H	744	668	223	uncertain_significance&pathogenic	deleterious	0.02	benign	0.03	1	5008	0.000199681	0	0	0.001	0	0	3	106204	2.825e-05	3	1	2	1	0	2	0	0	0	106158	60314	45844	9046	11214	54326	6614	16406	7858	1	1286	0.000777604976671851	1	368	0.00271739130434783	0	454	0	0	464	0
Var000012617	Var000012617	22	29121087	A	G	CHEK2	missense_variant	NA	-1	MODERATE	rs17879961	2	1446	0.001383	177.95	1.5821	20160	FALSE	60	FALSE	TRUE	1	-0.0015	3.0133	FALSE	G	aTt/aCt	I/T	675	599	200	uncertain_significance&likely_pathogenic&pathogenic&risk_factor	tolerated	0.1	benign	0.352	5	5008	0.000998403	0	0	0.005	0	0	411	106206	0.00387	411	230	181	1	0	233	172	1	0	106152	60324	45828	9028	11216	54328	6614	16406	7866	1	1240	0.000806451612903226	0	370	0	1	436	0.00229357798165138	0	434	0
Var000012618	Var000012618	22	29121113	C	T	CHEK2	splice_acceptor_variant	NA	-1	HIGH	NA	2	1446	0.001383	49.94	1.7934	20280	FALSE	60	FALSE	FALSE	1	-0.0019	3.0193	FALSE	T	NA	NA	NA	NA	NA	NA	NA	NA	NA	NA	NA	NA	NA	NA	NA	NA	NA	NA	NA	NA	NA	NA	NA	NA	NA	NA	NA	NA	NA	NA	NA	NA	NA	NA	NA	NA	NA	NA	NA	1	1234	0.000810372771474878	0	374	0	1	430	0.00232558139534884	0	430	0
Var000012746	Var000012746	22	31859854	G	A	EIF4ENIF1	missense_variant	NA	-1	MODERATE	rs201117670	1	1468	0.0006812	494.32	7.8301	40412	FALSE	60	FALSE	FALSE	1	-8e-04	3.0103	FALSE	A	tCc/tTc	S/F	622	398	133	NA	deleterious	0.01	probably_damaging	0.998	2	5008	0.000399361	0	0	0.002	0	0	56	106210	0.0005273	56	29	27	0	0	20	36	0	0	106208	60336	45872	9064	11216	54346	6614	16408	7866	1	1334	0.000749625187406297	0	394	0	1	466	0.00214592274678112	0	474	0
Var000012916	Var000012916	X	14862095	G	A	FANCB	missense_variant	NA	-1	MODERATE	NA	3	1456	0.00206	279.45	3.3049	19050	FALSE	60	FALSE	FALSE	1	0.2909	0.0045	FALSE	A	aCa/aTa	T/I	2442	2174	725	NA	deleterious	0.02	probably_damaging	0.943	NA	NA	NA	NA	NA	NA	NA	NA	NA	NA	NA	NA	NA	NA	NA	NA	NA	NA	NA	NA	NA	NA	NA	NA	NA	NA	NA	NA	NA	1	1174	0.000851788756388416	0	360	0	1	400	0.0025	0	414	0
Var000012941	Var000012941	X	14868697	C	A	FANCB	stop_gained	NA	-1	HIGH	NA	1	1450	0.0006897	83.39	6.5632	23918	FALSE	60	FALSE	FALSE	1	-3e-04	3.0103	FALSE	A	Gag/Tag	E/*	1694	1426	476	NA	NA	NA	NA	NA	NA	NA	NA	NA	NA	NA	NA	NA	NA	NA	NA	NA	NA	NA	NA	NA	NA	NA	NA	NA	NA	NA	NA	NA	NA	NA	NA	NA	NA	1	1266	0.000789889415481833	0	350	0	1	452	0.00221238938053097	0	464	0
Var000012977	Var000012977	X	14882771	G	A	FANCB	stop_gained	NA	-1	HIGH	NA	1	1452	0.0006887	47.37	6.0545	30065	FALSE	60	FALSE	FALSE	1	-9e-04	3.0103	FALSE	A	Caa/Taa	Q/*	1130	862	288	NA	NA	NA	NA	NA	NA	NA	NA	NA	NA	NA	NA	NA	NA	NA	NA	NA	NA	NA	NA	NA	NA	NA	NA	NA	NA	NA	NA	NA	NA	NA	NA	NA	NA	1	1314	0.00076103500761035	0	378	0	0	464	0	1	472	0.00211864406779661
Var000013015	Var000013015	X	106016268	A	T	RNF128	missense_variant	NA	1	MODERATE	rs56121637	11	1418	0.007757	8906.72	4.404	30756	FALSE	60	FALSE	TRUE	1	-0.0085	3.2138	FALSE	T	Aat/Tat	N/Y	860	610	204	NA	deleterious	0	probably_damaging	0.999	2	3775	0.000529801	0	0	0.002	0	0	580	106208	0.005461	421	159	262	4	0	406	11	0	0	76024	30148	45872	7437	9030	38489	4528	10040	6031	11	1274	0.0086342229199372	1	346	0.00289017341040462	6	458	0.0131004366812227	4	470	0.00851063829787234
