SAMPLE	MEDIAN_INSERT_SIZE	MODE_INSERT_SIZE	MEDIAN_ABSOLUTE_DEVIATION	MIN_INSERT_SIZE	MAX_INSERT_SIZE	MEAN_INSERT_SIZE	STANDARD_DEVIATION	READ_PAIRS	PAIR_ORIENTATION	WIDTH_OF_10_PERCENT	WIDTH_OF_20_PERCENT	WIDTH_OF_30_PERCENT	WIDTH_OF_40_PERCENT	WIDTH_OF_50_PERCENT	WIDTH_OF_60_PERCENT	WIDTH_OF_70_PERCENT	WIDTH_OF_80_PERCENT	WIDTH_OF_90_PERCENT	WIDTH_OF_95_PERCENT	WIDTH_OF_99_PERCENT	SAMPLE	LIBRARY	READ_GROUP
100_S8_L007	196	252	42	5	172385888	192.275506	49.448166	1147468	FR	19	35	53	69	85	101	113	129	151	165	223			
101_S528_L008	191	230	42	8	172836043	184.223394	51.317204	839118	FR	19	37	53	71	85	101	115	131	161	185	239			
102_S466_L008	188	139	46	11	172443283	187.838547	55.35536	664181	FR	19	37	57	77	93	105	121	137	165	175	315			
103_S147_L007	168	125	42	6	199394312	171.055334	50.802722	592077	FR	17	35	53	69	85	99	115	133	159	175	215			
104_S325_L008	207	252	39	2	188302459	196.461557	51.335299	1303427	FR	19	35	51	65	79	93	111	135	165	193	269			
105_S337_L008	199	252	42	3	172461261	192.307163	52.19638	953048	FR	19	37	55	71	85	101	115	135	159	185	277			
106_S303_L008	207	252	40	9	172843846	196.502314	52.025108	1015458	FR	19	37	51	67	81	95	113	135	167	195	275			
107_S467_L008	222	275	38	5	189384079	208.011095	56.190689	542207	FR	17	33	49	61	77	91	105	129	181	221	383			
108_S482_L008	183	118	50	85	275	186.888889	54.500765	27	FR	19	45	65	85	101	117	119	131	185	193	197			
109_S484_L008	197	229	39	4	159300562	187.628838	51.087599	1179478	FR	17	35	51	65	79	95	111	131	167	195	247			
10_S483_L008	207	252	37	2	189389457	192.953919	53.442324	2200603	FR	17	35	49	61	75	89	105	141	187	221	295			
110_S428_L008	214	275	39	6	196783908	201.560603	54.66501	985514	FR	19	37	49	65	79	95	113	131	175	211	353			
111_S474_L008	209	252	35	5	204310829	194.833106	53.261865	464018	FR	17	33	45	59	71	85	101	141	187	225	303			
112_S41_L007	206	252	39	3	189390008	197.657	50.145763	1813984	FR	19	35	49	65	79	93	109	131	161	185	263			
113_S334_L008	201	252	42	2	172453004	192.286227	52.510905	1666982	FR	21	39	55	69	85	101	115	137	163	191	269			
114_S180_L007	203	252	40	6	172839636	192.575833	52.199289	980238	FR	19	37	53	67	81	95	109	135	171	201	279			
115_S266_L007	207	252	38	2	172825788	195.217096	52.578397	664017	FR	19	35	49	63	77	89	105	135	177	211	295			
116_S382_L008	216	275	42	8	181882201	203.970801	56.404959	537166	FR	19	37	55	69	85	99	115	135	175	217	365			
117_S405_L008	195	275	47	5	195222065	191.450104	58.324826	676495	FR	21	41	61	79	95	113	129	143	161	215	329			
118_S133_L007	209	251	35	3	197111698	196.098881	50.493465	787886	FR	17	33	45	59	71	85	101	133	179	207	271			
119_S157_L007	207	251	35	7	198622948	196.539959	49.045028	638251	FR	17	31	45	57	71	85	97	123	171	201	271			
11_S358_L008	206	252	40	2	198628948	194.901634	52.969342	1182229	FR	19	35	51	67	81	93	111	135	173	203	295			
120_S442_L008	214	275	42	9	172443609	202.490159	56.463231	861363	FR	21	37	53	71	85	103	117	131	169	207	367			
121_S238_L007	206	252	38	10	211134824	195.286493	50.951216	855582	FR	19	35	49	63	77	91	107	133	171	199	269			
122_S112_L007	200	252	40	5	209696341	191.556474	51.1253	750510	FR	19	35	53	67	81	97	109	131	165	189	255			
123_S78_L007	214	252	36	2	172837155	202.619972	50.103515	1868369	FR	17	33	45	61	73	85	103	125	173	197	283			
124_S419_L008	196	275	47	15	172833931	192.583672	56.981702	515368	FR	19	41	61	77	95	111	127	141	157	193	331			
125_S135_L007	203	252	38	6	178937511	192.686817	50.789138	1086961	FR	19	35	51	65	77	93	107	131	169	195	257			
126_S171_L007	198	251	41	6	172825747	189.587576	51.698223	860476	FR	19	37	55	69	83	99	113	133	163	191	259			
127_S183_L007	185	125	45	7	189712627	183.601921	52.341537	532271	FR	19	37	57	75	91	107	121	135	155	175	249			
128_S386_L008	224	275	39	11	172842167	207.588865	58.08354	816002	FR	17	31	49	63	79	93	103	141	187	233	389			
129_S68_L007	190	125	44	4	187334963	188.337367	50.350554	1683302	FR	19	37	55	71	89	103	117	129	149	167	237			
12_S42_L007	215	252	34	4	172846497	203.495262	49.250271	1372760	FR	15	29	43	57	69	81	99	121	173	199	279			
130_S265_L007	206	252	39	10	172833930	194.858927	51.695549	499133	FR	19	35	51	65	79	91	109	135	173	201	279			
131_S144_L007	204	251	38	10	172842666	193.783737	50.587679	770022	FR	19	35	49	63	77	91	105	131	169	197	263			
132_S156_L007	202	251	39	5	172849091	191.955784	51.204812	886276	FR	19	37	51	65	79	95	109	133	169	195	263			
133_S168_L007	191	125	44	11	189397887	185.332245	51.85109	993750	FR	19	39	57	73	89	103	119	133	155	177	247			
134_S451_L008	210	275	46	4	172445486	199.479637	59.783421	471822	FR	23	41	59	77	93	109	123	131	171	253	359			
135_S18_L007	203	252	40	10	172839596	196.74669	49.277208	1060422	FR	19	35	51	67	81	95	109	129	153	175	235			
136_S205_L007	213	252	35	1	189712663	199.705167	50.601202	960970	FR	17	31	45	57	71	81	99	129	177	209	293			
137_S323_L008	173	139	43	3	174709715	175.909792	51.953141	1172781	FR	19	37	55	71	87	101	117	137	161	181	237			
138_S111_L007	205	251	37	5	189378709	194.01931	50.928964	620314	FR	19	35	49	63	75	91	105	133	173	199	267			
139_S123_L007	206	251	36	9	189221919	194.112409	50.900761	640179	FR	17	33	47	61	73	89	105	133	175	203	269			
13_S206_L007	208	252	36	1	188527390	196.54497	50.316897	986938	FR	17	33	47	59	73	87	103	131	175	203	269			
140_S394_L008	199	275	48	9	189389031	194.885488	57.41823	674525	FR	23	43	61	77	97	111	127	141	153	201	335			
141_S158_L007	161	125	39	4	184401733	167.070151	50.016152	861898	FR	19	35	49	65	79	93	111	133	165	183	223			
142_S501_L008	168	114	43	10	128948948	169.991543	51.412524	1176090	FR	19	39	57	73	87	103	121	135	159	173	213			
143_S101_L007	200	252	40	3	172834421	191.004191	51.636205	930064	FR	19	37	53	67	81	97	109	131	167	195	267			
144_S124_L007	184	125	45	9	172767561	181.51756	51.581456	730248	FR	19	37	55	75	91	105	119	135	153	173	235			
145_S537_L008	205	252	36	4	128651159	192.748443	50.860852	905608	FR	19	33	47	59	73	89	103	135	177	205	261			
146_S408_L008	225	275	37	7	162002837	209.305788	56.517099	612449	FR	15	31	47	59	75	91	101	131	187	223	391			
147_S493_L008	207	252	36	9	172830326	193.416907	52.106027	1100176	FR	17	33	47	61	73	89	103	137	183	211	281			
148_S432_L008	207	275	42	11	172835943	197.567774	54.542657	517562	FR	21	39	55	71	85	99	117	137	165	201	313			
149_S444_L008	206	275	42	12	172832715	198.476777	53.236118	417629	FR	21	37	53	69	85	97	115	135	159	191	309			
14_S420_L008	210	275	42	8	179063484	199.585935	56.460404	748352	FR	23	39	55	73	85	103	121	133	169	211	355			
150_S455_L008	223	275	37	4	172840881	209.163549	54.70236	542440	FR	17	31	47	59	75	91	103	129	183	213	385			
151_S502_L008	190	252	44	2	172837292	183.235075	53.198662	2319784	FR	19	39	59	77	89	105	121	137	165	189	253			
152_S511_L008	187	177	34	53	274	185.754098	51.022758	61	FR	13	27	41	57	69	95	119	135	157	189	269			
153_S326_L008	204	252	41	5	189370856	194.978717	52.334685	863672	FR	19	37	53	67	83	97	113	135	167	193	283			
154_S217_L007	206	251	37	4	179006830	195.779477	50.477916	854749	FR	19	35	49	63	75	91	105	131	169	197	269			
155_S321_L008	204	252	40	1	162011065	194.479158	51.66	1285855	FR	19	35	51	67	81	95	111	133	163	189	277			
156_S525_L008	191	252	45	5	189610001	183.927819	53.814004	903397	FR	21	41	59	77	91	105	121	137	167	191	263			
157_S28_L007	209	252	37	7	172430208	199.872314	49.005365	945265	FR	17	33	47	61	75	87	103	127	161	187	253			
158_S51_L007	210	252	37	2	172842167	199.997235	49.773791	1254427	FR	19	33	49	61	75	87	105	129	167	191	267			
159_S311_L008	203	252	42	6	188217938	194.653948	51.844003	993842	FR	19	37	53	69	85	97	113	133	161	187	271			
15_S315_L008	202	252	42	9	172385895	193.559097	52.084258	1204576	FR	19	37	53	67	85	99	115	133	163	189	275			
160_S440_L008	206	275	45	8	192337188	196.546883	58.07238	535670	FR	23	41	59	77	91	109	125	139	163	225	327			
161_S6_L007	214	252	36	2	187331794	203.01878	49.876587	1180911	FR	17	33	47	61	73	85	103	125	171	197	275			
162_S518_L008	199	252	40	8	172453026	189.075048	52.164814	764213	FR	19	35	53	67	81	95	109	135	171	199	263			
163_S536_L008	195	252	43	3	172846597	186.26331	53.557519	1149740	FR	21	39	57	73	87	101	115	137	171	199	271			
164_S90_L007	210	252	38	2	172850696	200.445744	49.531938	1560858	FR	19	35	49	63	77	87	103	127	165	189	259			
165_S32_L007	198	252	42	3	184647291	192.802921	50.267987	1684425	FR	19	37	53	69	85	99	113	131	155	173	243			
166_S361_L008	182	125	45	3	204155220	182.440289	52.083837	1730344	FR	21	39	59	77	91	105	119	135	155	173	241			
167_S44_L007	208	252	38	4	179082838	199.738186	48.447002	1610259	FR	17	33	47	61	77	89	103	125	157	183	247			
168_S287_L008	205	252	42	3	172833621	195.969669	52.579883	883289	FR	19	37	53	69	85	97	113	135	161	191	287			
169_S121_L007	199	251	40	11	198629145	190.219315	51.085892	759656	FR	19	37	53	67	81	97	111	131	165	189	255			
16_S109_L007	201	251	39	9	189398026	191.261623	50.579733	722851	FR	19	35	51	65	79	93	107	131	167	193	255			
170_S256_L007	202	251	40	6	189755577	193.338245	50.721306	870487	FR	19	37	51	65	81	95	107	129	163	191	265			
171_S53_L007	189	139	44	2	128586000	186.791301	50.925778	1178437	FR	19	37	55	73	89	101	117	129	151	169	249			
172_S100_L007	195	252	42	8	172842138	187.732271	51.75067	638251	FR	19	37	55	69	85	99	113	133	161	187	253			
173_S359_L008	200	252	42	6	172833910	192.078031	52.65038	1260959	FR	21	39	57	71	85	101	115	135	161	189	279			
174_S237_L007	199	251	41	5	189725868	191.18864	51.230306	949174	FR	19	37	55	69	83	99	111	131	161	187	257			
175_S510_L008	152	114	39	3	172836677	159.942744	51.075587	1446870	FR	19	35	51	65	79	95	113	137	171	193	221			
176_S159_L007	200	251	40	8	172832708	190.904311	51.474086	839388	FR	19	37	53	67	81	97	109	131	167	193	261			
177_S136_L007	203	251	38	5	172840864	192.412667	50.930518	727730	FR	19	35	49	63	77	93	107	131	171	197	263			
178_S167_L007	203	251	38	6	187332795	193.230102	50.424781	651459	FR	17	35	49	63	77	93	105	129	167	193	263			
179_S345_L008	162	125	39	2	189778806	168.258824	52.490641	1205871	FR	19	35	51	65	79	95	117	141	175	193	239			
17_S30_L007	208	252	38	7	162002699	198.272065	50.463921	712013	FR	19	35	49	63	77	89	107	129	165	191	279			
180_S245_L007	210	251	35	6	169904478	196.831054	50.506532	702286	FR	17	33	45	57	71	83	99	131	179	209	285			
181_S368_L008	205	252	41	3	172460646	194.678595	52.857091	935120	FR	19	37	53	69	83	95	113	135	169	197	289			
182_S508_L008	204	252	38	8	172837275	191.871797	51.741539	1225237	FR	19	35	49	63	77	91	105	135	177	203	271			
183_S98_L007	210	251	34	9	172839555	197.589651	50.217026	668931	FR	17	31	45	57	69	83	99	131	179	207	277			
184_S215_L007	208	251	37	3	179025428	196.730769	50.43104	817104	FR	17	33	47	61	75	87	103	131	171	201	277			
185_S64_L007	213	252	36	2	172775451	201.994896	49.24192	1412359	FR	17	31	45	59	73	85	103	125	169	195	269			
186_S246_L007	175	139	42	1	162002694	177.191734	50.798372	805801	FR	17	35	53	71	85	101	115	135	155	173	229			
187_S89_L007	213	252	36	4	198632948	202.089746	49.732427	1628071	FR	19	33	47	61	73	85	103	125	169	195	271			
188_S417_L008	209	275	45	12	189603052	199.744649	58.127219	774686	FR	23	41	57	75	91	107	123	133	165	221	357			
189_S538_L008	182	252	47	1	172839356	179.47037	53.583171	956225	FR	21	41	61	79	95	109	125	137	157	177	245			
18_S247_L007	207	252	37	6	162004703	196.380371	50.644615	922411	FR	17	35	49	63	75	89	105	133	171	199	271			
190_S16_L007	213	252	35	8	189610013	202.297972	48.589948	1135340	FR	17	31	45	59	71	83	101	125	167	193	255			
191_S310_L008	198	252	43	11	182491521	191.613532	51.949944	807751	FR	19	39	57	73	87	103	115	133	157	181	263			
192_S29_L007	215	252	35	8	172840562	203.770288	48.924212	1224391	FR	17	31	45	59	71	83	101	123	169	195	259			
193_S225_L007	184	139	44	7	132734878	182.458637	51.075853	963807	FR	19	37	55	73	89	103	117	133	153	173	241			
194_S463_L008	213	275	44	11	189390357	201.012861	57.698959	574675	FR	23	39	57	73	89	105	121	137	173	221	363			
195_S300_L008	203	252	42	7	128639613	194.762364	51.757124	777754	FR	19	37	53	69	85	97	115	133	161	187	267			
196_S312_L008	171	139	43	4	186410234	175.036645	52.884925	546830	FR	19	39	55	71	87	103	117	139	165	187	241			
197_S347_L008	185	125	46	3	172835781	182.92752	53.077341	1574775	FR	21	39	59	79	93	107	121	135	157	177	255			
198_S77_L007	205	252	40	8	172773441	197.273272	49.978303	796668	FR	19	35	51	67	81	93	109	131	159	181	251			
199_S43_L007	210	252	37	9	172843831	200.29239	49.171231	1450574	FR	17	33	47	61	75	87	103	127	165	189	257			
19_S336_L008	198	252	43	6	179111135	191.493551	51.77857	1168044	FR	21	39	57	73	87	103	115	133	157	181	259			
1_S441_L008	210	275	46	12	189778806	198.488395	60.753492	760200	FR	23	41	59	79	93	109	125	141	179	265	353			
200_S302_L008	209	252	40	10	183739767	197.469005	52.637163	1333077	FR	19	35	51	65	81	93	113	135	173	203	289			
201_S125_L007	211	252	33	10	132129957	199.825863	48.72398	327630	FR	15	31	43	55	67	81	95	125	171	199	261			
202_S404_L008	204	275	44	9	172448804	197.000718	55.172626	1035099	FR	21	41	57	73	89	105	121	137	157	193	341			
203_S155_L007	207	252	36	3	172833907	196.233808	50.093995	731718	FR	17	33	47	61	73	87	101	131	173	199	267			
204_S179_L007	190	125	44	4	189603035	185.084977	52.154707	789538	FR	19	39	57	75	89	103	119	131	155	177	253			
205_S5_L007	212	251	37	4	172451696	201.489428	50.029028	1369516	FR	17	33	47	61	75	85	103	127	167	193	281			
206_S52_L007	210	252	38	2	172836838	199.510313	50.606239	1156737	FR	19	33	49	63	77	89	107	131	169	193	273			
207_S99_L007	197	252	41	5	172849109	189.194884	51.543111	678200	FR	19	37	53	69	83	97	111	131	163	189	259			
208_S369_L008	189	125	46	2	200654397	185.51686	52.891546	1313366	FR	21	41	59	79	93	107	121	133	155	173	253			
209_S195_L007	193	252	43	3	172374332	187.608068	51.370303	590403	FR	19	37	55	71	87	101	115	131	155	179	249			
20_S31_L007	210	252	38	4	179025457	199.52468	50.95157	1443500	FR	17	33	47	63	77	87	105	129	169	197	289			
210_S527_L008	200	252	40	4	204304951	189.333384	52.643266	962588	FR	19	37	53	67	81	97	109	135	173	205	273			
211_S169_L007	205	251	37	8	189766596	193.721846	50.964224	685028	FR	17	33	49	61	75	89	103	131	175	201	277			
212_S452_L008	196	275	47	9	172843654	192.889939	57.581383	673815	FR	21	41	61	77	95	111	129	141	159	201	331			
213_S257_L007	189	125	44	6	189755577	185.724741	51.078904	1094724	FR	19	37	55	73	89	103	117	131	151	171	243			
214_S464_L008	195	139	48	1	179025416	190.743188	55.1648	728637	FR	19	41	61	79	97	113	121	139	157	181	313			
215_S267_L007	174	125	44	5	189712457	176.143376	51.984009	659676	FR	19	37	57	73	89	105	119	137	159	175	231			
216_S383_L008	203	275	46	9	172833932	197.589283	57.59985	528466	FR	23	43	61	77	93	111	129	141	151	199	345			
217_S19_L007	202	252	40	9	172004502	195.926459	49.368759	1170669	FR	19	35	51	65	81	97	109	127	153	173	233			
218_S430_L008	220	275	40	12	128578223	205.985142	56.611591	590321	FR	17	31	49	65	81	97	109	137	179	217	379			
219_S476_L008	203	252	39	2	172443046	191.891307	52.251542	889264	FR	19	37	51	65	79	93	107	135	173	203	271			
21_S290_L008	208	252	41	10	179010064	197.048348	53.252929	666560	FR	21	37	53	69	83	97	117	137	169	199	289			
220_S79_L007	212	252	37	2	198629285	201.241786	49.572175	2393524	FR	17	33	47	61	75	85	103	127	169	193	263			
221_S203_L007	204	252	38	9	162006060	194.732962	49.70742	793578	FR	19	35	49	63	77	91	105	129	163	189	253			
222_S534_L008	174	114	47	3	172836978	174.123999	53.611646	763073	FR	19	41	61	77	95	111	123	139	157	175	237			
223_S473_L008	192	230	43	8	172836623	183.930352	53.668053	896164	FR	21	39	57	75	87	103	119	137	169	197	263			
224_S313_L008	186	125	45	6	158588965	184.254691	52.406058	1021814	FR	19	37	57	75	91	105	121	133	155	175	259			
225_S235_L007	174	139	43	11	128648415	175.585162	50.916272	834704	FR	17	35	55	71	87	101	117	135	157	173	227			
226_S490_L008	204	252	38	9	199394303	191.380681	51.845666	1165572	FR	19	35	49	63	77	91	105	137	177	205	271			
227_S491_L008	199	252	41	4	172849602	188.215211	53.603246	579818	FR	19	37	55	69	83	99	111	137	173	207	285			
228_S196_L007	192	252	44	3	218949672	186.462697	52.204949	955615	FR	19	39	57	73	89	103	117	133	157	181	259			
229_S254_L007	209	252	36	4	172843281	196.350877	50.702832	567189	FR	17	33	47	59	73	87	103	133	177	203	275			
22_S349_L008	205	251	41	2	169513652	194.664986	53.246112	1099392	FR	19	37	53	67	83	95	113	135	171	201	299			
230_S145_L007	209	251	35	7	172842167	197.082973	49.897777	662678	FR	17	31	45	57	71	83	99	129	177	205	271			
231_S65_L007	181	125	43	3	187324770	182.089601	50.491059	1344556	FR	19	35	53	71	87	101	115	133	151	171	227			
232_S193_L007	214	252	34	10	172839644	200.197644	50.218688	813937	FR	17	31	43	55	69	79	97	131	179	209	279			
233_S214_L007	184	125	44	8	172448198	182.227273	51.070474	867684	FR	19	37	55	73	89	103	117	133	153	171	239			
234_S381_L008	214	275	40	7	172841224	203.508926	54.348861	805243	FR	19	35	53	67	81	97	113	127	171	207	325			
235_S535_L008	205	252	37	2	204141553	192.326308	52.477633	905765	FR	19	35	49	63	75	91	105	137	179	211	287			
236_S63_L007	208	252	38	5	189274930	198.529185	49.827951	708415	FR	19	33	49	61	77	89	105	129	163	187	269			
237_S88_L007	214	252	36	10	209569039	203.222636	48.994608	1107297	FR	17	33	47	61	73	85	103	123	167	193	255			
238_S520_L008	199	252	41	10	189780514	188.359873	52.45895	1079028	FR	19	37	55	67	83	97	111	137	171	199	261			
239_S526_L008	203	252	38	10	191779034	191.066502	52.141998	811045	FR	19	35	51	63	77	93	107	135	177	205	275			
23_S372_L008	164	139	38	2	172838884	169.851475	51.523758	1021325	FR	17	35	51	65	77	93	113	137	171	191	263			
240_S122_L007	206	251	36	11	172843937	195.017912	50.488614	588898	FR	17	33	47	61	73	89	103	131	173	201	269			
241_S500_L008	207	252	36	9	172444864	193.357507	52.029067	956475	FR	17	33	47	59	73	87	103	137	183	213	283			
242_S521_L008	207	252	36	4	189785743	193.3998	51.883674	1497539	FR	17	33	47	59	73	87	103	137	183	211	281			
243_S270_L007	211	251	35	9	172483989	197.325619	51.361078	813082	FR	17	33	45	57	71	83	101	133	185	215	289			
244_S175_L007	211	251	35	5	189251008	197.207595	52.346021	607567	FR	17	31	45	57	71	83	101	135	187	219	307			
245_S59_L007	216	252	35	4	219345343	204.070745	49.969624	3138041	FR	17	31	45	57	71	81	99	125	175	201	287			
246_S375_L008	208	252	42	9	172839548	195.985115	54.601693	1334406	FR	21	37	53	69	85	97	117	139	177	207	307			
247_S187_L007	213	251	34	2	187331965	199.55259	49.934916	786292	FR	17	33	43	55	69	79	95	127	177	209	289			
248_S188_L007	215	251	33	4	187329790	200.064663	51.946031	1069789	FR	15	29	41	53	67	77	95	133	193	227	309			
249_S199_L007	210	252	37	4	172453506	195.429429	53.883993	603719	FR	17	35	47	61	75	87	107	143	187	225	305			
24_S21_L007	216	252	35	2	172453515	204.627507	49.215288	1492160	FR	17	31	45	59	71	81	99	121	171	199	269			
250_S422_L008	217	275	44	2	218952582	201.227443	61.308671	848366	FR	19	37	55	71	89	105	117	153	197	275	373			
251_S271_L008	210	252	37	5	174695545	197.768398	51.032055	1045399	FR	17	33	47	61	75	85	103	131	177	205	283			
252_S446_L008	216	275	40	4	172825788	203.481907	55.99639	608222	FR	19	37	53	69	81	97	113	135	175	219	335			
253_S126_L007	213	251	33	4	172849619	198.979356	50.602198	894644	FR	15	29	41	55	67	79	97	133	185	215	289			
254_S530_L008	211	252	34	1	172846580	195.860989	52.296791	1190939	FR	17	33	43	57	69	81	99	141	189	221	295			
255_S433_L008	214	275	47	1	179062006	198.541453	63.479239	801337	FR	23	41	61	77	95	111	123	153	205	293	363			
256_S513_L008	209	252	35	5	172841377	195.261919	51.259714	1049446	FR	17	33	45	57	71	85	99	137	185	213	283			
257_S387_L008	225	275	38	5	175880776	209.266336	58.376718	643347	FR	19	35	49	61	77	93	101	139	193	257	389			
258_S457_L008	219	275	41	12	172447440	201.940562	60.975341	327593	FR	19	33	53	67	83	101	113	151	201	283	377			
259_S541_L008	215	252	32	8	189778777	197.491342	52.791427	577710	FR	15	29	39	51	65	75	95	147	199	237	305			
25_S333_L008	208	252	39	8	187332689	196.80517	52.013762	1208396	FR	19	35	49	63	79	91	111	135	171	201	289			
260_S92_L007	221	252	31	7	187335357	207.155372	49.429467	1334926	FR	15	29	41	55	63	79	97	125	179	209	287			
261_S138_L007	210	251	34	6	189602975	195.670221	51.453082	1163652	FR	17	31	43	57	69	83	99	137	185	215	293			
262_S35_L007	217	252	34	11	173789567	204.341557	50.139711	1548882	FR	17	31	45	57	69	83	101	129	177	203	287			
263_S505_L008	210	242	34	5	187335343	194.448475	52.603621	1363610	FR	17	31	43	55	69	83	99	143	193	227	297			
264_S388_L008	219	275	40	2	204706043	201.347358	60.287543	1103036	FR	19	33	49	65	81	99	113	159	203	263	377			
265_S117_L007	213	251	33	4	189663754	198.554626	50.624347	925586	FR	15	29	41	55	67	79	97	135	187	215	291			
266_S306_L008	211	252	40	7	189369048	197.580745	55.287863	791441	FR	19	37	51	65	81	91	113	143	183	221	315			
267_S48_L007	219	251	33	5	172441930	205.777139	49.475106	1102259	FR	15	29	43	55	67	79	99	123	175	205	295			
268_S240_L007	209	251	36	10	198622969	196.253416	51.650889	630965	FR	17	33	45	59	73	85	101	133	181	213	293			
269_S93_L007	220	252	32	6	189388746	206.12237	50.722549	1457567	FR	15	29	43	55	65	79	99	129	183	213	303			
26_S181_L007	201	251	40	4	172839624	192.093046	51.762141	743595	FR	19	37	53	67	81	97	109	131	167	195	273			
270_S70_L007	215	252	36	2	189397899	202.891451	50.732677	1378221	FR	17	31	45	59	73	83	103	129	175	203	291			
271_S514_L008	211	252	33	6	172836029	195.818238	51.71735	898402	FR	17	31	43	55	67	81	97	141	191	219	289			
272_S282_L008	215	251	35	5	172775799	200.622571	51.857439	952984	FR	17	31	45	57	71	81	101	137	181	217	301			
273_S150_L007	210	251	35	5	193368757	196.106215	51.749805	927532	FR	17	31	45	57	71	83	101	137	185	215	295			
274_S478_L008	210	252	35	3	116831637	194.780867	53.120003	900379	FR	17	33	45	57	71	85	103	143	189	225	299			
275_S22_L007	217	252	34	10	172850695	204.123473	50.07835	1020416	FR	15	29	43	57	69	81	101	129	177	203	285			
276_S209_L007	208	251	39	6	172767767	194.722337	53.987457	912745	FR	19	37	51	65	79	91	109	139	183	219	305			
277_S292_L008	209	252	41	3	173904039	196.433953	54.131106	737741	FR	19	37	53	67	83	95	115	139	179	209	299			
279_S82_L007	214	252	36	3	189778785	201.937373	50.946318	1461421	FR	17	33	47	61	73	85	105	131	175	201	287			
27_S348_L008	199	252	43	2	189331868	191.479097	52.835947	1175850	FR	21	39	57	73	87	103	117	135	161	187	269			
280_S173_L007	212	251	34	10	204310633	199.248364	49.902108	634296	FR	17	31	43	57	69	81	99	127	177	207	275			
281_S185_L007	213	252	34	8	189226794	199.164774	50.484705	653811	FR	17	31	43	57	69	81	99	133	181	211	281			
282_S198_L007	211	252	36	5	179025446	198.084412	51.155019	925223	FR	17	33	45	59	73	83	101	133	179	209	285			
283_S229_L007	213	251	34	2	179062036	199.428608	50.095745	714571	FR	15	31	43	55	69	79	97	129	177	211	287			
284_S115_L007	207	251	37	9	189778733	194.592466	51.366473	938454	FR	17	33	49	61	75	89	105	135	177	205	283			
285_S374_L008	207	252	42	4	189616143	195.440005	54.334189	1022414	FR	21	39	55	71	85	97	117	137	175	205	295			
286_S250_L007	212	251	35	8	172770793	199.51197	49.730769	730628	FR	17	31	43	57	71	83	99	127	175	203	277			
287_S10_L007	221	252	31	2	172835781	207.285308	48.985184	1120533	FR	15	27	41	53	63	77	95	125	179	207	285			
288_S468_L008	216	275	42	10	201805068	202.457266	58.058061	797507	FR	21	37	55	71	85	101	115	141	181	239	365			
289_S69_L007	215	252	35	6	175235730	202.747157	50.178046	1197542	FR	17	31	45	59	71	83	101	127	175	203	287			
28_S216_L007	196	251	41	13	128638439	190.148782	50.455897	362139	FR	19	35	53	69	83	97	113	129	157	181	247			
290_S81_L007	216	252	34	5	187331619	204.535663	49.351222	1455867	FR	17	29	43	57	69	81	97	121	171	199	281			
291_S219_L007	209	252	37	2	132163740	197.033181	51.378011	762449	FR	17	33	47	61	75	87	103	131	177	205	289			
292_S352_L008	207	252	42	4	172833813	194.256333	55.47649	1032850	FR	21	39	55	69	85	97	117	141	181	217	305			
293_S479_L008	211	252	34	6	189378763	195.990665	53.030419	1061612	FR	17	33	43	57	69	83	99	143	191	229	299			
294_S496_L008	211	252	33	8	204155190	195.495695	52.74343	987444	FR	17	31	43	55	67	81	99	143	193	229	299			
295_S12_L007	219	252	33	5	172842133	204.762643	51.338575	1608307	FR	17	31	45	57	67	81	101	135	183	213	303			
296_S24_L007	224	252	30	2	172842091	208.904546	50.002168	947608	FR	13	27	39	51	61	75	93	127	185	217	311			
297_S163_L007	212	251	34	7	218490209	197.227982	52.473821	735225	FR	17	31	43	57	69	81	99	139	191	223	303			
298_S105_L007	208	251	37	3	179066634	194.85855	52.500696	1153664	FR	17	35	49	61	75	87	105	137	181	213	293			
299_S411_L008	222	275	40	5	172842167	205.346156	59.57061	712110	FR	17	35	51	65	81	97	107	151	195	269	377			
29_S453_L008	212	275	43	8	172849116	201.109337	57.09823	698832	FR	23	39	57	71	87	105	121	131	167	213	363			
2_S134_L007	202	251	39	10	198618801	191.34484	51.674555	615292	FR	19	35	51	65	79	93	107	133	173	199	265			
300_S329_L008	210	252	40	6	128587894	197.699147	53.542274	729686	FR	19	35	51	65	81	93	113	139	179	209	301			
301_S239_L007	212	251	34	5	172452291	199.143886	50.294393	716280	FR	17	31	43	57	69	81	99	129	177	209	285			
302_S218_L007	212	251	35	2	189267784	198.581376	51.419375	778748	FR	17	33	45	59	71	83	101	133	181	213	297			
303_S363_L008	204	251	43	5	168980177	193.965875	53.487887	1102515	FR	19	39	53	69	87	97	115	137	169	197	291			
304_S260_L007	210	251	36	5	197626753	197.406503	51.937329	501966	FR	17	33	47	61	73	85	103	131	181	211	295			
305_S104_L007	213	251	34	3	189255375	199.181313	50.661503	758486	FR	17	31	43	57	69	81	97	133	179	213	291			
306_S410_L008	208.5	273	56.5	19	309	198.388889	67.00125	126	FR	27	49	65	95	115	123	133	153	203	267	357			
307_S364_L008	205	252	44	4	172842166	193.653885	55.687408	1100325	FR	21	41	57	73	89	101	119	141	177	209	299			
308_S434_L008	220	275	41	11	172444052	204.592919	57.554824	706076	FR	19	33	51	65	83	99	111	143	185	239	369			
309_S294_L008	213	252	39	4	172833932	199.113781	54.446321	727107	FR	19	35	51	67	79	93	113	145	181	215	311			
30_S443_L008	207	275	44	4	215735128	198.395637	56.834109	764343	FR	23	41	57	75	89	107	123	137	163	209	349			
310_S114_L007	215	252	32	10	138620132	202.566105	48.7923	694397	FR	15	29	39	51	65	75	93	123	177	205	275			
311_S137_L007	211	251	34	1	196777368	196.841595	52.183834	915915	FR	17	31	43	57	69	83	101	139	187	217	297			
312_S149_L007	210	251	35	2	187335309	195.765026	52.654911	967685	FR	17	33	45	59	71	85	103	139	187	219	301			
313_S362_L008	211	251	39	9	172833765	197.920682	54.329773	689604	FR	19	35	49	63	79	89	109	135	181	217	321			
314_S512_L008	211	252	33	7	197357086	196.357107	51.469584	1278215	FR	17	31	43	55	67	81	97	137	189	217	289			
315_S127_L007	212	251	34	6	198622316	199.438213	50.074136	976384	FR	17	31	43	57	69	81	97	127	175	209	285			
316_S57_L007	215	252	35	4	172836017	202.657102	49.830996	1953507	FR	17	31	43	57	71	81	99	127	175	201	281			
317_S174_L007	205	251	37	7	197378561	192.856981	52.145571	1066480	FR	19	33	49	63	75	91	105	135	177	209	289			
318_S522_L008	208	252	35	7	178963241	194.211586	51.642674	1055463	FR	17	31	45	57	71	85	101	137	183	213	283			
319_S531_L008	211	252	33	2	179025959	196.492941	51.333393	1304223	FR	17	31	43	55	67	81	99	135	187	217	289			
31_S454_L008	213	275	42	3	172849113	201.352445	55.830141	980438	FR	21	37	53	71	85	101	119	137	173	209	333			
320_S58_L007	215	252	35	8	172849099	203.105198	50.088441	1794691	FR	17	31	45	59	71	83	103	127	175	201	281			
321_S151_L007	213	251	34	1	189541402	198.702376	51.184241	729756	FR	15	31	43	55	69	81	99	135	187	215	297			
322_S83_L007	217	252	35	1	172769437	204.452185	50.955511	3132999	FR	17	31	45	59	71	83	101	129	177	205	299			
323_S469_L008	220	275	39	4	204274540	202.887747	57.73946	957470	FR	17	33	49	63	79	95	111	153	191	245	373			
324_S399_L008	220	275	44	6	172842167	203.57062	63.151438	691725	FR	19	39	59	73	89	105	111	153	203	303	373			
325_S152_L007	213	251	34	6	189778806	199.358664	50.213624	600482	FR	17	31	43	55	69	79	97	131	179	211	287			
326_S317_L008	213	252	38	2	172843746	199.271653	52.987254	936679	FR	19	35	49	63	77	89	111	139	177	209	295			
327_S523_L008	210	252	34	2	189737136	194.79726	53.502118	1117563	FR	17	31	45	57	69	83	99	143	193	229	305			
328_S470_L008	219	275	40	9	189141540	202.846604	58.983752	761614	FR	19	35	53	65	81	97	111	149	195	257	359			
329_S373_L008	213	252	38	8	187332935	199.578016	53.460792	922720	FR	19	35	49	63	77	87	109	139	179	213	313			
32_S314_L008	204	252	42	3	172443494	194.235315	53.079108	1126006	FR	19	37	53	69	85	97	115	137	169	197	283			
330_S409_L008	216	275	43	3	213852227	201.430414	60.15819	1029681	FR	21	39	57	71	87	105	117	145	191	267	341			
331_S421_L008	215	275	45	4	172825759	200.332753	61.93665	763009	FR	21	39	57	73	91	109	119	149	195	283	367			
332_S304_L008	213	252	37	8	189206625	199.58262	52.428647	953259	FR	17	33	47	61	75	87	109	137	177	209	297			
333_S327_L008	209	252	39	8	145562302	196.935713	52.705046	1118106	FR	19	35	51	63	79	91	111	135	175	205	293			
334_S445_L008	214	275	44	9	172838748	201.097432	59.491442	650093	FR	21	37	57	73	89	107	119	139	179	251	363			
335_S456_L008	214	275	45	5	189363941	200.424751	60.472861	901693	FR	21	39	59	73	91	107	121	141	183	263	361			
336_S162_L007	211	251	35	6	204310664	197.535089	51.77806	943848	FR	17	31	45	57	71	83	101	135	185	217	297			
337_S34_L007	219	252	33	4	128648327	206.087676	49.283865	1316636	FR	15	29	43	55	67	79	99	125	175	203	283			
338_S495_L008	212	252	34	2	186918348	196.623359	53.131956	919702	FR	17	31	43	57	69	81	99	141	193	231	309			
339_S398_L008	220	275	44	3	172840762	203.274668	61.646233	862949	FR	19	39	57	73	89	103	111	153	191	287	377			
33_S385_L008	213	275	44	10	189710581	201.346757	58.001535	574568	FR	23	39	57	73	89	105	119	135	175	233	361			
340_S23_L007	220	252	32	6	172843293	206.848156	49.008928	1626422	FR	15	29	41	55	65	77	97	123	175	205	283			
341_S128_L007	209	251	36	2	190565214	195.275593	51.74222	939791	FR	17	33	47	59	73	85	103	137	183	213	289			
342_S540_L008	210	252	35	2	189759633	195.244336	53.26809	559263	FR	17	33	45	57	71	83	101	141	189	227	305			
343_S47_L007	219	252	32	2	204141552	205.744028	48.987536	2191843	FR	15	29	41	53	65	77	97	123	177	205	281			
344_S139_L007	209	251	35	1	189646738	195.897221	51.473081	922531	FR	17	31	45	57	71	85	101	135	183	213	291			
345_S488_L008	211	252	34	10	172450233	195.406545	52.822294	605956	FR	17	31	43	57	69	81	99	143	193	229	301			
346_S276_L008	176	139	50	19	65185040	174.923043	58.661429	27428	FR	23	45	65	83	101	115	133	151	177	201	273			
347_S36_L007	220	252	32	5	172453536	206.603347	49.447889	1967213	FR	15	29	43	55	65	81	99	127	177	205	283			
348_S17_L007	217	252	34	2	189778806	204.199075	49.735457	1021560	FR	17	29	43	57	69	81	99	125	175	203	283			
349_S129_L007	210	251	35	5	189363328	196.958602	51.079052	825932	FR	17	33	45	57	71	83	99	133	181	211	289			
34_S396_L008	222	275	42	8	172832088	206.616349	58.413543	655478	FR	17	35	53	69	85	99	107	143	187	245	381			
350_S423_L008	220	275	41	11	189254014	204.096047	60.091394	587709	FR	19	35	53	67	83	101	111	147	191	271	377			
351_S71_L007	217	252	34	4	204243230	204.203548	50.505138	1660847	FR	17	31	45	57	69	81	101	129	177	205	295			
352_S435_L008	220	275	38	1	179025439	203.751622	56.275501	736133	FR	17	31	49	63	77	95	109	149	189	231	359			
353_S341_L008	211	252	40	5	187324621	197.194736	54.29429	1016127	FR	19	35	51	65	81	93	115	145	183	213	299			
354_S353_L008	208	252	41	1	172446995	195.600609	54.610679	743198	FR	19	37	53	67	83	95	115	139	179	211	305			
355_S365_L008	206	252	44	1	172839648	194.343537	56.060526	767565	FR	21	41	55	73	89	99	121	139	179	215	303			
356_S278_L008	212	251	35	5	117272101	199.312749	51.430679	525323	FR	17	31	45	57	71	83	101	127	175	209	311			
357_S280_L008	204	252	40	9	172444157	194.307041	51.866193	810175	FR	19	37	53	67	81	95	111	133	169	195	271			
358_S281_L008	210	251	38	10	172766409	196.915856	53.082632	690198	FR	17	35	47	61	77	87	105	137	181	215	307			
359_S477_L008	213	252	33	2	189369752	196.734005	53.041288	602606	FR	17	31	43	55	67	79	97	145	195	233	307			
35_S9_L007	213	252	36	10	172838371	202.19047	49.215134	1244188	FR	17	33	47	61	73	85	103	125	167	193	261			
360_S249_L007	214	251	33	2	172448665	199.806709	50.623023	729532	FR	15	29	41	55	67	79	97	131	181	215	297			
361_S269_L007	199	252	40	4	190566092	191.073119	50.898082	670899	FR	19	37	55	67	81	97	111	129	161	187	251			
362_S494_L008	210	252	34	7	187321304	194.915565	51.588966	1103394	FR	17	31	43	55	69	83	99	141	187	219	285			
363_S503_L008	213	252	32	4	172453506	197.540858	51.465821	976060	FR	15	29	41	53	65	79	95	137	191	221	297			
364_S339_L008	209	252	40	5	204823831	195.867533	55.381076	1207308	FR	19	35	51	67	81	95	115	141	183	219	311			
365_S539_L008	213	251	33	2	227792144	197.183225	52.681506	825482	FR	17	31	43	55	67	79	97	143	193	229	303			
366_S293_L008	214	252	37	1	172443274	200.295258	53.820568	751864	FR	19	35	49	63	75	89	109	139	179	215	319			
367_S487_L008	208	228	35	5	218783267	193.240575	52.871952	909518	FR	17	33	45	57	71	85	103	143	189	223	295			
368_S46_L007	217	252	33	3	172449401	205.084834	48.473698	1331038	FR	15	29	43	55	67	79	97	121	171	199	269			
369_S230_L007	209	251	37	3	172842875	196.098581	52.073526	980229	FR	17	33	47	61	75	87	105	135	181	211	291			
36_S207_L007	210	251	36	2	172448144	198.73348	50.300493	783671	FR	17	33	45	59	73	85	101	129	171	201	279			
370_S186_L007	215	251	32	6	172833893	201.547911	49.780497	807955	FR	15	29	41	53	65	75	93	127	181	215	295			
371_S116_L007	212	251	34	10	179079398	198.432258	50.948373	957655	FR	17	31	43	57	69	81	99	133	183	213	295			
372_S340_L008	211	252	39	6	169515174	199.002295	52.505447	982187	FR	19	35	49	63	79	91	111	135	173	203	295			
373_S272_L008	210	251	37	3	217695533	196.4597	52.383596	895864	FR	17	33	47	61	75	87	105	137	181	213	297			
374_S274_L008	209	251	38	2	172840859	195.580855	53.124232	973162	FR	19	35	49	63	77	89	107	141	183	215	297			
375_S140_L007	211	251	34	6	204155098	197.564662	50.759318	764176	FR	17	31	43	57	69	81	99	133	183	211	289			
376_S84_L007	214	252	36	5	172461243	202.431135	49.966941	1619361	FR	17	33	47	61	73	83	103	125	173	199	271			
377_S279_L008	213	251	35	2	178956916	199.307061	51.190374	587008	FR	17	31	43	57	71	83	101	135	179	211	295			
378_S351_L008	206	252	41	2	189648687	194.937688	53.116102	1390305	FR	19	37	53	69	83	95	115	137	173	199	291			
379_S504_L008	209	252	34	1	172434055	194.865885	51.776621	1260144	FR	17	31	43	57	69	83	99	139	185	217	287			
37_S56_L007	214	252	35	7	172447872	202.569355	48.884523	1441165	FR	17	31	45	57	71	83	101	123	169	195	265			
380_S11_L007	223	252	30	5	189702648	208.40951	49.430697	1664949	FR	15	27	39	53	61	75	93	125	181	213	303			
381_S277_L008	211	251	37	4	189201576	197.862035	52.003703	724939	FR	17	33	47	61	75	85	103	135	181	211	293			
382_S532_L008	210	252	34	6	172840739	195.927203	51.806977	1131993	FR	17	33	43	57	69	83	97	137	187	219	293			
383_S80_L007	219	252	33	4	189628980	205.165175	51.189731	2010295	FR	15	29	43	55	67	79	99	127	183	215	315			
384_S486_L008	215	142	37	72	256	195.837209	57.032543	43	FR	19	27	45	69	75	79	147	159	199	225	287			
385_S305_L008	213	252	38	5	189259330	199.785055	52.567705	1012269	FR	17	33	47	63	77	87	109	137	177	207	303			
386_S273_L008	207	251	38	5	217171237	193.501572	53.479513	1023831	FR	19	35	49	63	77	91	109	139	181	219	297			
387_S94_L007	219	252	33	3	187332111	206.158323	49.759322	1053846	FR	15	31	43	57	67	79	97	123	175	205	295			
388_S259_L007	215	252	33	7	172453526	202.294915	49.008956	1009345	FR	15	29	41	53	67	77	95	125	175	203	279			
389_S316_L008	211	252	40	3	172839630	198.232903	52.998797	913243	FR	19	35	49	65	81	91	113	139	175	205	291			
38_S184_L007	208	252	37	7	187324835	197.374558	50.296456	1012192	FR	17	35	47	61	75	87	103	129	169	197	267			
390_S164_L007	214	251	32	7	213929843	200.2153	50.137439	754071	FR	15	29	41	53	65	77	95	127	185	217	291			
391_S376_L008	205	252	43	6	187334800	192.126348	56.143075	835465	FR	21	41	55	71	87	97	119	145	183	219	299			
392_S208_L007	179	139	46	11	128601179	178.642008	52.746122	355187	FR	19	39	59	77	93	107	121	137	155	173	249			
393_S176_L007	215	251	32	2	240501708	201.283781	50.149517	1227681	FR	15	29	41	53	65	75	91	127	181	217	301			
394_S103_L007	181	125	44	11	172836978	179.94223	50.708144	904449	FR	19	37	57	73	89	105	119	133	149	167	215			
395_S458_L008	216	275	40	4	191019837	200.427782	58.745453	768415	FR	19	35	53	67	81	97	115	147	195	255	343			
396_S241_L007	207	251	38	7	184600216	194.416357	52.507572	1020396	FR	19	37	51	65	77	91	109	137	177	209	289			
397_S377_L008	219	275	44	2	153586252	203.958535	60.692348	456879	FR	21	41	59	73	89	103	113	145	187	269	377			
398_S161_L007	214	251	32	7	203896716	200.479011	49.811999	590986	FR	15	29	41	53	65	77	95	127	179	213	289			
399_S255_L007	214	251	33	6	199265537	200.105299	50.131363	696484	FR	15	29	41	55	67	79	97	131	179	211	287			
39_S357_L008	172	125	43	3	187336336	175.186581	52.623164	873084	FR	19	39	55	71	87	103	117	139	161	183	245			
3_S360_L008	200	252	42	10	203548166	192.465871	52.203945	833915	FR	19	37	55	69	85	101	113	133	161	187	277			
400_S220_L007	211	251	36	4	235902182	197.559415	51.341973	676475	FR	17	33	45	59	73	85	103	135	181	211	285			
401_S307_L008	208	252	40	5	172842150	195.99871	53.362052	646754	FR	19	35	51	65	81	93	113	135	175	205	307			
402_S95_L007	213	252	35	10	172828262	198.351481	52.224842	345136	FR	17	33	45	57	71	81	101	137	187	219	303			
403_S210_L007	211	251	35	12	189389814	196.997311	51.9261	765782	FR	17	33	45	59	71	85	101	137	183	215	295			
404_S283_L008	212	252	39	2	172450299	198.229024	55.458888	913366	FR	19	37	51	67	79	93	115	145	185	219	321			
405_S400_L008	220	275	41	8	189778806	205.704435	56.778891	587950	FR	19	33	51	65	83	99	109	139	181	225	375			
406_S412_L008	219	275	42	11	172450621	203.629998	58.663811	739094	FR	19	37	55	71	85	101	113	141	183	253	371			
407_S106_L007	213	251	34	3	204155108	198.87147	51.329369	451291	FR	17	31	43	57	69	81	101	135	181	213	297			
408_S130_L007	209	251	37	8	172840859	195.857203	52.627828	820368	FR	17	35	47	61	75	87	105	137	181	213	299			
409_S141_L007	214	252	34	8	187332050	199.616072	51.560534	490980	FR	15	31	43	57	69	81	101	137	187	217	295			
40_S189_L007	189	125	45	9	128633261	185.729813	51.823509	742533	FR	21	39	57	75	91	105	119	131	151	173	245			
410_S424_L008	218	275	44	3	219732147	203.547642	59.602725	642375	FR	21	37	57	73	89	103	115	139	183	263	375			
411_S471_L008	213	252	34	8	128587975	196.193106	53.487494	957837	FR	17	31	43	55	69	79	99	149	197	233	311			
412_S295_L008	212	252	39	11	169515174	198.324571	53.933277	627036	FR	19	35	49	65	79	89	111	143	183	213	307			
413_S118_L007	211	252	35	4	172843932	198.796631	50.760827	571827	FR	17	33	45	59	71	83	101	131	175	207	289			
414_S437_L008	214	275	45	5	172841382	200.70939	57.995318	828452	FR	21	39	57	73	91	107	121	141	177	233	341			
415_S87_L007	217	252	34	7	198625017	204.943569	49.247402	1357907	FR	17	31	45	57	69	81	99	123	171	199	277			
416_S154_L007	207	251	38	10	189766555	195.048107	51.463878	864319	FR	17	35	49	63	77	91	107	135	175	203	279			
417_S62_L007	215	252	35	5	172842658	203.174749	49.797903	1039880	FR	17	31	45	59	71	83	103	127	173	199	275			
418_S61_L007	215	252	35	3	187336350	203.306877	49.481894	2999229	FR	17	31	43	57	71	81	99	123	171	199	281			
419_S211_L007	208	251	38	6	172832698	194.826471	52.868417	257526	FR	19	35	49	63	77	89	107	137	181	213	297			
41_S328_L008	195	125	45	7	172774107	189.510598	52.70797	886077	FR	21	41	57	75	91	107	119	135	157	177	261			
420_S392_L008	220	275	41	8	190177726	205.733776	56.718284	478518	FR	19	33	51	65	83	99	109	141	183	229	343			
421_S25_L007	215	251	36	5	189737161	201.810939	51.288125	1093181	FR	17	31	45	59	73	83	105	133	179	207	297			
422_S26_L007	216	252	34	7	172824059	204.129842	49.067666	1259883	FR	15	29	43	57	69	81	99	123	171	199	273			
423_S308_L008	212	252	38	5	184401745	197.978009	54.053059	823619	FR	17	33	49	63	77	89	111	143	185	217	309			
424_S2_L007	214	251	37	2	190568132	202.456685	50.472117	2083305	FR	19	33	49	63	75	87	107	129	171	197	275			
425_S439_L008	215	275	45	6	189379836	200.909519	60.453399	770864	FR	21	39	57	73	91	107	119	143	181	271	365			
426_S497_L008	208	252	37	4	189387499	193.492562	53.708608	995838	FR	17	35	47	61	75	87	105	143	189	223	299			
427_S4_L007	217	252	34	10	172842149	204.795031	49.599346	1447109	FR	17	31	45	59	69	81	101	127	173	201	275			
428_S242_L007	210	251	37	3	172846516	196.565666	51.967402	766480	FR	17	33	47	61	75	87	105	137	181	209	293			
429_S142_L007	211	252	34	6	189389446	198.87583	49.91689	550003	FR	17	31	43	57	69	83	99	129	173	205	281			
42_S226_L007	206	252	37	8	210115881	196.161155	49.994505	857185	FR	19	33	49	61	75	89	103	129	165	193	263			
430_S60_L007	214	251	36	4	172833907	202.152359	50.29721	1313519	FR	17	33	47	61	73	85	105	127	169	197	287			
431_S355_L008	205	252	42	4	197307660	193.67373	54.134086	912516	FR	21	39	53	71	85	97	115	139	173	205	295			
432_S389_L008	216	275	45	16	179067764	200.341171	61.218073	185237	FR	21	37	57	73	91	107	117	149	185	279	371			
433_S354_L008	207	252	42	4	172451199	195.012796	54.449088	811971	FR	21	39	55	69	85	95	117	139	177	209	299			
434_S74_L007	215	251	35	11	184401745	203.471253	49.355918	789780	FR	17	31	43	57	71	81	99	123	171	199	279			
435_S415_L008	219	275	44	10	189785755	202.815325	59.713746	515464	FR	21	37	55	73	89	103	113	147	187	265	371			
436_S178_L007	211	251	36	8	189602843	197.716969	51.97518	664668	FR	17	33	47	59	73	83	101	135	181	213	303			
437_S177_L007	211	252	37	5	172445806	197.563978	52.796469	881282	FR	19	35	47	61	75	87	105	139	183	215	301			
438_S332_L008	207	252	40	4	179025457	195.418143	53.04251	965184	FR	19	35	51	67	81	93	113	137	175	203	289			
439_S533_L008	209	252	37	4	189226368	194.144812	53.622389	1066262	FR	19	35	49	61	75	87	105	145	189	221	297			
43_S146_L007	202	251	39	5	172846580	191.102205	52.248991	905078	FR	19	37	53	65	79	95	109	135	173	203	273			
440_S263_L007	208	252	38	4	172842167	195.833445	51.831542	574047	FR	19	35	49	63	77	89	105	135	177	205	283			
441_S309_L008	205	252	42	6	187334981	194.38702	53.437277	863904	FR	19	37	53	69	85	97	115	137	171	201	285			
442_S120_L007	211	251	34	3	172849099	198.303775	50.560367	379244	FR	15	31	43	57	69	81	99	129	179	211	295			
443_S318_L008	203	252	44	2	217452645	191.780989	56.049775	989164	FR	21	41	57	73	89	103	119	143	177	213	299			
444_S427_L008	220	275	40	6	189744002	204.64764	56.07296	848198	FR	19	33	51	65	81	97	109	143	183	227	339			
445_S489_L008	207	252	37	1	172833932	192.28127	54.06528	1134359	FR	17	35	49	61	75	89	107	143	187	223	301			
446_S391_L008	218	275	44	9	232037014	202.546819	60.410814	641727	FR	21	37	57	73	89	105	115	145	187	273	373			
447_S107_L007	207	251	37	10	189389831	194.68888	51.760711	779430	FR	17	35	49	63	75	89	107	135	177	207	283			
448_S330_L008	209	252	40	3	179069814	195.147149	54.90608	797658	FR	19	37	51	65	81	93	115	143	185	217	307			
449_S222_L007	209	251	36	6	189249167	195.685017	51.219537	939516	FR	17	33	45	59	73	85	103	135	181	209	285			
44_S170_L007	204	251	38	9	172843924	193.45116	50.515429	897300	FR	19	35	51	63	77	91	105	131	169	197	263			
450_S436_L008	211	275	46	2	189364935	199.512543	59.915665	720104	FR	23	41	59	77	93	109	125	135	173	257	359			
451_S37_L007	214	251	36	2	187335331	202.598359	50.04454	1087899	FR	17	31	45	59	73	85	103	127	171	197	283			
452_S86_L007	218	252	34	6	187335309	205.192403	49.392617	1817487	FR	17	29	45	57	69	79	99	125	175	203	279			
453_S27_L007	215	252	35	6	189397900	203.083468	49.296648	1692272	FR	17	31	43	57	71	81	99	125	173	199	273			
454_S401_L008	219	275	40	2	172458678	203.210721	57.843221	447989	FR	19	33	51	65	81	99	111	141	185	245	377			
455_S516_L008	209	252	35	4	189646755	194.703281	52.130449	1068747	FR	17	33	45	59	71	85	101	139	185	215	289			
456_S38_L007	218	252	33	11	172458660	205.275936	48.737283	1290883	FR	15	29	41	55	67	79	97	123	173	201	273			
457_S462_L008	219	275	43	6	178827920	202.457353	61.013141	830747	FR	19	37	57	71	87	103	113	149	189	279	377			
458_S73_L007	217	252	34	7	179064353	203.591877	50.272389	664809	FR	17	31	45	57	69	81	101	131	179	205	287			
459_S108_L007	212	251	33	3	172844104	199.073554	49.931094	713442	FR	15	31	43	55	67	81	97	127	175	209	285			
45_S268_L007	207	252	39	4	172842167	194.648407	53.462775	626631	FR	19	37	51	65	79	91	109	137	179	213	303			
460_S96_L007	211	251	35	10	184400404	198.129131	51.211225	432276	FR	17	33	45	57	71	83	99	131	181	211	293			
461_S153_L007	209	252	38	6	172831709	196.126273	52.82847	499004	FR	17	35	49	63	77	89	107	137	179	211	299			
462_S286_L008	207	251	42	5	172836344	196.306855	53.064018	793804	FR	21	39	55	69	85	97	115	137	165	197	289			
463_S191_L007	210	251	37	9	187324752	196.936113	51.948297	745858	FR	17	33	47	61	75	87	105	135	181	209	293			
464_S85_L007	216	252	35	4	189390008	204.015951	49.470068	1067513	FR	17	31	45	57	71	81	99	125	173	201	277			
465_S97_L007	210	251	36	6	203578672	196.525341	51.84219	686216	FR	17	33	45	59	73	85	103	137	183	213	293			
466_S448_L008	213	275	45	6	189736983	199.989791	60.48139	671698	FR	21	41	61	75	91	107	123	137	177	269	361			
467_S297_L008	207	252	41	10	110775333	196.281914	53.079944	795404	FR	19	37	51	67	83	95	113	137	173	201	293			
468_S298_L008	211	252	38	5	204304889	199.404445	51.483596	1083749	FR	17	33	47	63	77	89	107	131	173	199	281			
469_S72_L007	216	252	36	4	172461226	202.928143	52.267016	1297047	FR	17	33	47	61	73	87	107	135	179	207	311			
46_S91_L007	207	252	39	5	190566834	198.941097	49.319084	3500084	FR	19	35	51	65	79	91	107	129	159	181	247			
470_S425_L008	213	275	46	3	179009683	199.341565	61.371634	482788	FR	23	41	59	75	93	109	123	143	179	283	361			
471_S320_L008	206	252	41	5	218955435	194.444636	54.109629	1536200	FR	19	37	53	67	83	97	115	139	177	207	297			
472_S131_L007	209	252	36	1	172848358	196.01684	51.872319	731493	FR	17	33	47	59	73	87	103	135	181	213	295			
473_S449_L008	212	275	43	11	172849099	200.756526	57.62344	583727	FR	21	41	59	73	87	105	121	133	171	229	349			
474_S296_L008	210	252	40	6	172450509	197.303435	53.335048	1030403	FR	19	35	51	65	81	93	113	139	179	207	297			
475_S367_L008	203	252	42	8	178226378	191.128341	55.317792	680953	FR	21	39	55	69	85	99	115	141	179	215	301			
476_S285_L008	209	252	41	9	172833909	196.702144	54.672781	898280	FR	21	37	53	69	83	97	117	141	179	211	309			
477_S515_L008	206	252	38	5	189744110	192.404657	53.126632	1350932	FR	19	35	49	63	77	91	107	139	183	215	291			
478_S378_L008	218	275	45	11	200687192	201.822929	62.332592	464265	FR	21	41	59	75	91	107	115	149	187	297	375			
479_S14_L007	214	251	36	5	172839648	202.068828	49.87369	2304676	FR	17	33	45	61	73	85	103	127	171	197	277			
47_S67_L007	202	252	40	10	172836354	195.824517	49.592766	1618605	FR	19	37	51	65	81	97	109	129	153	175	241			
480_S3_L007	217	252	34	4	171985304	204.87334	49.872872	733825	FR	17	31	45	59	69	81	101	125	173	201	283			
481_S231_L007	211	251	36	11	172833910	197.645331	51.602195	780651	FR	17	33	45	59	73	85	103	135	183	211	289			
482_S49_L007	216	252	35	6	189267781	203.357444	50.190585	1135130	FR	17	31	45	59	71	83	103	129	175	201	285			
483_S426_L008	218	275	40	5	172842105	202.582181	57.379447	947878	FR	19	35	51	67	81	99	113	145	183	233	371			
484_S343_L008	209	252	40	7	198625009	196.103824	54.487041	974894	FR	19	35	51	65	81	93	113	139	181	215	311			
485_S166_L007	211	251	35	7	176850034	197.335633	51.841096	734299	FR	17	33	45	59	71	83	101	135	183	213	301			
486_S366_L008	204	252	43	2	178983624	193.06833	54.722021	740163	FR	21	41	55	71	87	97	115	139	175	209	293			
487_S319_L008	209	252	40	2	172454851	196.530749	53.72055	927114	FR	19	35	51	65	81	93	115	139	179	209	299			
488_S447_L008	213	275	41	12	172833636	200.131595	57.380434	526053	FR	21	37	53	69	83	99	117	135	175	231	365			
489_S243_L007	208	251	38	5	178836759	196.174712	51.443494	754005	FR	17	35	47	61	77	89	105	133	175	205	285			
48_S416_L008	207	275	44	3	178947709	198.575271	55.536935	788107	FR	21	39	57	75	89	105	121	137	161	195	349			
490_S119_L007	209	251	36	5	172836996	196.289361	52.073837	561739	FR	17	33	47	61	73	87	103	133	181	213	299			
491_S379_L008	220	275	43	8	189670850	205.62829	59.441487	595215	FR	19	37	55	71	87	103	111	143	185	253	379			
492_S165_L007	212	252	37	2	172840859	198.717571	52.656185	496379	FR	17	33	47	61	75	85	105	135	181	213	307			
493_S252_L007	206	251	39	10	172435979	193.324517	53.302439	448525	FR	19	37	51	65	79	93	109	137	179	211	295			
494_S212_L007	206	251	39	2	159121250	193.876814	53.252524	794721	FR	19	35	49	65	79	93	109	137	177	209	295			
495_S524_L008	206	251	38	5	172840842	191.692482	54.688962	1007650	FR	19	37	51	65	77	91	109	143	189	225	301			
496_S344_L008	206	252	41	7	172841232	194.499122	53.748139	975223	FR	19	37	53	69	83	95	115	139	175	205	293			
497_S13_L007	214	251	36	5	187332950	202.543985	50.44542	936629	FR	17	33	47	61	73	85	105	127	171	199	287			
498_S507_L008	206	61	44.5	61	272	190.416667	61.144815	24	FR	29	35	57	81	87	99	119	135	215	247	291			
499_S414_L008	218	275	43	3	192345542	202.456156	59.567481	731247	FR	21	37	55	71	87	103	115	147	187	261	369			
49_S204_L007	195	252	42	5	172447699	189.613169	50.792467	450101	FR	19	37	53	69	85	99	113	131	155	177	255			
4_S66_L007	207	252	39	8	187332122	198.167871	49.885706	1389690	FR	19	35	49	65	79	91	107	131	161	185	257			
500_S438_L008	215	275	44	7	172840881	202.030434	59.013614	681524	FR	21	39	57	73	89	105	117	135	177	247	369			
501_S342_L008	206	252	41	5	203543721	193.766393	54.275654	910004	FR	21	39	53	69	83	95	115	139	177	207	297			
502_S50_L007	215	251	34	5	189397900	203.070345	49.663571	1288060	FR	15	29	43	55	69	81	99	123	173	201	287			
503_S261_L007	212	252	36	5	189389024	198.242899	52.314335	874748	FR	19	33	47	59	73	83	103	135	185	215	301			
504_S356_L008	203	251	42	6	187324759	192.305235	53.653103	939451	FR	21	39	55	71	85	99	115	139	171	201	289			
505_S190_L007	211	252	36	11	128517044	198.894881	49.998426	589915	FR	17	33	45	59	73	83	101	129	173	197	279			
506_S213_L007	210	251	36	4	172444157	196.542354	52.745809	390185	FR	17	33	45	59	73	85	103	133	183	219	309			
507_S380_L008	224	275	38	6	182398160	207.932988	56.132258	519926	FR	17	33	49	61	77	91	103	139	189	233	359			
508_S15_L007	216	251	35	3	172452712	203.784477	49.312913	1496161	FR	17	31	45	57	71	81	101	127	171	199	275			
509_S234_L007	210	251	35	3	217482336	197.825005	51.226322	741648	FR	17	33	45	59	71	85	101	131	177	209	293			
50_S322_L008	206	252	40	6	225647768	195.944629	52.119977	989233	FR	19	35	51	65	81	93	111	135	169	197	281			
510_S253_L007	208	251	37	6	172843607	195.474929	51.856256	86065	FR	19	33	47	61	75	87	105	135	179	211	291			
511_S402_L008	220	275	41	1	210015438	204.96974	58.621406	463244	FR	19	35	51	67	83	101	111	143	187	257	375			
512_S262_L007	207	251	39	4	204651577	194.660467	53.006824	783287	FR	19	37	51	65	79	91	109	137	177	209	291			
513_S413_L008	219	275	40	5	172438467	202.968253	57.763545	572081	FR	19	33	51	65	81	99	111	143	183	241	377			
514_S459_L008	220	275	39	8	219181339	203.701218	58.647473	587194	FR	19	33	51	65	79	95	109	149	191	249	379			
515_S201_L007	210	251	37	4	172834282	197.135971	52.388559	749243	FR	17	33	47	61	75	87	105	135	181	211	295			
516_S1_L007	212	251	38	4	187324752	200.361745	51.795078	810249	FR	19	35	49	63	77	87	105	127	173	203	305			
517_S450_L008	214	275	43	1	182033702	199.282751	59.389972	827415	FR	21	37	55	71	87	105	121	149	183	255	361			
518_S384_L008	222	275	42	6	189221241	204.966253	61.052183	652101	FR	19	37	55	69	85	101	107	153	195	279	377			
519_S251_L007	209	251	37	4	172834430	195.863148	51.976742	722877	FR	17	35	47	61	75	87	105	137	181	211	289			
51_S76_L007	212	252	36	6	172452870	201.086018	49.902788	794435	FR	17	33	45	61	73	85	103	127	169	195	281			
520_S200_L007	207	251	38	5	172842150	194.407322	52.513021	781300	FR	19	35	49	63	77	91	107	137	177	211	295			
521_S460_L008	219	275	41	6	214018614	203.759633	58.8602	535956	FR	19	35	53	67	83	101	111	141	183	247	377			
522_S472_L008	209	252	36	3	172838906	193.527279	54.350131	982097	FR	19	35	47	61	73	87	105	145	191	229	305			
523_S506_L008	210	252	35	6	187331583	195.008502	52.596428	1031840	FR	17	33	45	57	71	83	101	141	189	221	299			
524_S232_L007	207	251	38	3	134627614	193.830215	53.340838	764707	FR	19	35	49	63	77	91	109	137	181	213	299			
525_S39_L007	214	252	36	4	189785738	201.668931	50.185562	1732400	FR	17	31	45	59	73	85	103	129	175	201	279			
526_S481_L008	211	252	34	5	204236096	196.039544	52.502845	1239504	FR	17	31	43	57	69	81	99	141	189	225	301			
527_S233_L007	209	251	37	9	189749090	196.243537	51.770394	700829	FR	17	33	47	61	75	87	105	133	179	209	291			
528_S275_L008	210	251	38	7	179066116	197.013697	52.917473	1084773	FR	19	35	49	63	77	89	107	137	181	211	299			
529_S390_L008	215	275	43	6	172830796	201.453998	57.920627	616368	FR	21	39	55	71	87	105	117	141	177	237	363			
52_S7_L007	213	252	36	2	172461243	201.733883	50.834532	1279982	FR	17	33	47	61	73	85	103	125	173	201	295			
530_S498_L008	209	252	35	3	187336457	194.40621	52.481869	2413132	FR	17	33	45	59	71	85	101	141	187	219	291			
531_S221_L007	204	251	39	3	218907116	193.543578	51.221835	987927	FR	19	35	51	65	79	93	107	133	169	197	275			
532_S192_L007	212	252	36	2	172842167	198.670002	51.974086	248070	FR	17	33	45	59	73	85	105	135	177	211	301			
533_S403_L008	214	275	46	2	224194156	199.579418	61.533585	575221	FR	23	41	59	75	93	109	121	149	191	279	347			
534_S132_L007	213	251	33	1	172846497	199.806762	49.580639	719543	FR	15	29	41	55	67	79	95	127	177	209	279			
535_S284_L008	209	252	41	6	172833238	196.640672	54.752169	728511	FR	21	39	53	69	83	97	119	141	179	211	301			
536_S331_L008	211	252	38	3	182017334	196.882818	54.181903	800987	FR	17	33	47	63	77	89	111	141	185	217	313			
537_S202_L007	211	252	35	6	203896715	197.759664	51.609262	802389	FR	17	33	45	59	71	85	101	135	183	213	291			
538_S480_L008	207	252	37	9	172445010	192.836486	53.65422	1000963	FR	17	35	49	61	75	89	105	141	187	221	299			
539_S288_L008	215	252	37	7	189736959	200.958964	53.684011	568740	FR	19	35	49	63	75	89	111	143	181	215	309			
53_S475_L008	204	252	37	3	204274586	192.162161	51.133748	1019002	FR	17	35	49	61	75	91	105	135	175	203	263			
540_S461_L008	211	275	47	6	218863988	198.835344	60.820718	706151	FR	23	43	61	79	95	111	125	145	177	265	355			
541_S223_L007	212	251	34	6	172848356	198.12502	51.120777	612489	FR	17	31	43	57	69	81	99	133	183	213	297			
542_S244_L007	211	251	35	3	215998737	197.59076	51.377163	786355	FR	17	31	45	57	71	83	101	133	181	213	295			
54_S182_L007	210	252	35	9	184632535	197.328601	51.034591	829974	FR	17	33	45	59	71	85	101	131	181	209	283			
55_S465_L008	217	275	43	4	193373469	203.469732	59.424468	474357	FR	19	37	55	71	87	103	115	143	183	251	373			
56_S519_L008	208	252	34	4	172453524	194.594869	50.61502	1254579	FR	15	31	43	55	69	83	97	135	183	211	273			
57_S55_L007	211	252	37	11	172450375	200.79344	49.957306	1698463	FR	17	33	47	61	75	87	103	127	167	193	273			
58_S291_L008	209	252	40	3	172452110	197.578036	52.794241	684853	FR	19	37	51	67	81	93	113	135	171	201	289			
59_S102_L007	203	252	39	3	175923095	192.464172	51.383655	979264	FR	19	37	51	65	79	93	107	133	171	199	267			
5_S395_L008	219	275	40	5	128578357	205.719088	55.27236	589543	FR	19	33	49	65	81	99	111	137	177	203	377			
60_S113_L007	202	251	39	10	169525912	192.367066	50.832404	561705	FR	19	35	51	65	79	93	107	131	167	193	257			
61_S148_L007	212	251	33	9	172846216	198.96143	49.957823	730147	FR	17	31	43	55	67	81	97	129	183	211	275			
62_S33_L007	209	252	39	2	172819918	199.081625	50.61227	1875849	FR	19	35	49	63	79	91	107	131	167	191	275			
63_S160_L007	212	251	33	5	178928407	199.74188	49.705164	827865	FR	17	31	43	57	67	81	97	127	175	205	279			
64_S40_L007	202	252	41	7	172455418	195.600625	49.953008	1058650	FR	19	37	53	67	83	97	111	129	155	177	245			
65_S499_L008	208	252	35	4	189146418	193.745799	52.157489	1322519	FR	17	33	45	59	71	85	101	139	185	215	289			
66_S75_L007	214	252	35	5	132148224	202.998626	49.378047	722166	FR	17	31	43	57	71	81	99	123	169	197	285			
67_S393_L008	192	275	46	6	172849099	190.982133	56.354082	801696	FR	21	43	61	77	93	109	123	139	163	181	319			
68_S429_L008	205	275	45	6	192144523	197.706173	56.820123	839507	FR	21	43	59	75	91	109	125	139	159	207	333			
69_S407_L008	225	275	39	13	172458475	207.904616	57.673692	425567	FR	15	33	49	63	79	93	101	147	193	245	387			
6_S172_L007	203	251	39	1	189759485	193.104017	51.089587	1119973	FR	19	37	51	65	79	93	107	131	169	197	265			
70_S258_L007	209	251	37	7	169000008	196.480414	50.934885	914296	FR	17	33	47	61	75	87	103	133	177	205	277			
71_S529_L008	208	252	35	5	214918219	193.89253	52.052297	960726	FR	17	33	47	59	71	85	101	139	187	215	283			
72_S397_L008	214	275	45	4	172843945	200.709116	59.819247	871591	FR	21	39	57	73	91	107	121	141	179	255	367			
73_S228_L007	206	252	37	6	192436706	195.215066	50.308022	680213	FR	19	33	49	61	75	89	105	131	171	197	267			
74_S264_L007	206	252	38	3	189243657	195.186292	51.39276	1003574	FR	19	35	49	63	77	91	107	135	173	199	279			
75_S224_L007	196	234	41	3	138221255	190.245434	50.088692	721194	FR	19	35	53	69	83	97	113	129	155	179	243			
76_S299_L008	192	139	44	8	172763992	188.316128	51.131799	940296	FR	19	39	57	73	89	103	117	131	153	169	241			
77_S370_L008	190	139	44	3	197647036	187.298337	51.245614	1257718	FR	19	37	55	73	89	103	117	131	151	171	253			
78_S110_L007	208	251	35	11	189380339	195.675999	50.67647	626565	FR	17	33	47	59	71	85	101	133	179	205	273			
79_S289_L008	198	252	45	8	172448362	192.376589	53.49481	622905	FR	21	39	57	75	91	105	119	135	155	181	295			
7_S350_L008	206	252	41	6	169385231	195.242122	53.181936	1234099	FR	19	37	53	69	83	95	113	137	173	201	293			
80_S301_L008	191	125	45	9	193186665	187.587543	51.846517	731622	FR	19	41	59	75	91	105	119	133	153	169	247			
81_S492_L008	202	252	38	9	172833763	190.025429	52.126508	1101209	FR	19	35	51	63	77	93	107	137	177	207	271			
82_S324_L008	183	125	44	6	187334878	182.914734	51.227128	987459	FR	21	39	57	75	89	103	117	133	153	171	227			
83_S54_L007	211	252	37	3	189780547	200.164492	49.75677	1514161	FR	17	33	47	61	75	87	105	129	169	193	263			
84_S371_L008	195	252	45	7	172842150	189.422652	53.161805	1108165	FR	21	41	59	75	91	107	117	135	157	183	271			
85_S406_L008	206	275	45	9	172455778	197.690029	57.949215	797293	FR	23	41	57	75	91	109	125	137	159	215	351			
86_S227_L007	207	252	37	1	189250843	196.81842	49.70182	976120	FR	17	33	47	61	75	89	103	129	165	193	263			
87_S248_L007	199	251	40	4	189759413	190.76033	50.729192	997831	FR	19	37	53	67	81	97	111	131	161	187	249			
88_S431_L008	210	275	45	9	179068290	200.396635	57.519436	720075	FR	21	39	57	75	91	107	123	131	167	217	355			
89_S20_L007	197	252	42	7	184556334	192.557412	50.417369	1786863	FR	19	37	55	71	85	101	113	131	153	171	243			
8_S194_L007	213	252	35	8	143770165	199.333696	51.400316	633988	FR	17	33	45	59	71	83	101	135	179	211	293			
90_S197_L007	203	252	39	6	172445483	192.968739	51.147273	942746	FR	19	37	51	65	79	95	109	131	167	195	263			
91_S485_L008	205	252	38	6	187335184	192.153863	53.107314	1097430	FR	19	35	51	63	77	91	107	139	181	215	289			
92_S45_L007	217	252	34	4	172453008	205.59611	48.331764	1556964	FR	15	29	43	55	69	79	97	119	169	197	265			
93_S338_L008	194	139	43	1	172443494	188.232174	52.40891	1465042	FR	19	37	55	71	87	103	117	133	157	177	285			
94_S143_L007	208	251	36	8	194274070	195.931061	50.216542	603844	FR	17	33	47	59	73	87	101	131	175	203	271			
95_S517_L008	210	252	35	2	172839581	195.870897	51.278467	1478586	FR	17	33	45	57	71	83	99	137	185	215	285			
96_S236_L007	208	251	37	12	172769460	196.631681	50.545384	728448	FR	17	33	47	61	75	87	103	131	173	201	275			
97_S509_L008	199	252	40	4	218918123	188.647932	52.364286	1347330	FR	19	37	53	67	81	97	111	135	171	201	265			
98_S335_L008	204	252	41	1	190198067	193.65301	53.069709	903417	FR	19	37	51	67	83	97	113	137	169	201	295			
99_S418_L008	208	275	42	10	172836685	197.499249	56.130358	828033	FR	23	39	55	71	85	103	123	137	169	211	331			
9_S346_L008	202	252	42	6	189778806	192.738025	53.344856	840065	FR	19	39	55	69	85	101	115	137	169	197	283			
